426086
426242
426361
426483
426575
426665
426764
426902
426984
427114
427215
427314
427419
427532
427607
427745
427829
427957
428037
428158
428289
428431
428537
428616
428715
428813
428927
429041
429127
429237
429314
429435
429556
429678
429758
429862
429989
430070
430183
430285
430394
430470
430589
430683
430850
430972
431106
431201
431282
431390
431536
431635
431751
431868
431986
432130
432254
432379
432485
432592
432711
432831
432927
433038
433111
433217
433317
433401
433537
433656
433723
433813
433936
434026
434152
434303
434410
434541
434681
434787
434938
435020
435126
435223
435309
435417
435547
435685
435782
435868
436003
436127
436233
436349
436458
436551
436642
436797
436917
436991