415113
415211
415373
415496
415628
415823
415972
416112
416258
416399
416522
416627
416752
416897
417032
417122
417281
417411
417581
417717
417793
417939
418076
418230
418325
418452
418576
418770
418911
419061
419203
419301
419428
419575
419749
419909
420059
420172
420304
420435
420550
420658
420815
420924
421031
421134
421312
421450
421568
421711
421835
421956
422109
422231
422426
422551
422662
422831
423013
423110
423282
423387
423527
423657
423804
423908
424043
424152
424255
424362
424485
424571
424725
424803
424910
424986
425061
425185
425337
425487
425605
425729
425836
425940
