300568
301127
301746
302165
302773
303362
303710
304201
304726
305083
305653
306058
306516
306945
307438
308060
308598
309045
309428
309951
310509
310985
311302
311882
312412
312891
313402
313954
314365
314770
315140
315519
316029
316354
316855
317311
317711
318210
318633
319144
319643
320012
320433
320734
321204
321674
322160
322581
322979
323455
323851
324127
324572
324997
325335
325808
326217
326652
327112
327405
327822
328251
328677
329105
329515
329849
330208
330553
330955
331293
331701
332068
332389
332812
333258
333672
334028
334350
334727
335078
335486
335927
336276
336516
336796
337048
337444
337843
338148
338458
338817
339181
339547
339862
340106
340355
340585
340976
341356
341683
342047
342343
342689
343039
343429
343638
343988
344300
344593
344987
345250
345456
345812
346075
346420
346748
346976
347237
347508
347785
348038
348334
348593
348894
349135
349414
349624
349897
350183
350486
350843
351071
351452
351779
352061
352359
352578
352816
353167
353423
353729
353973
354239
354483
354727
354986
355232
355537
355911
356176
356415
356678
356906
357235
357465
357765
358016
358273
358582
358886
359086
359334
359639
359811
360087
360294
360509
360750
360916
361189
361418
361752
362042
362370
362551
362780
363104
363315
363524
363736
363981
364263
364479
364807
365010
365263
365493
365743
366034
366338
