393546
393731
393888
394069
394241
394439
394600
394719
394850
394986
395153
395338
395533
395735
395882
396073
396266
396462
396640
396851
397063
397260
397418
397568
397682
397866
398110
398282
398405
398549
398685
398913
399101
399267
399391
399520
399679
399844
399969
400089
400266
400426
400547
400694
400846
401062
401192
401328
401535
401670
401859
402017
402118
402293
402483
402635
402769
402979
403110
403261
403388
403506
403624
403787
403910
404093
404216
404319
404501
404644
404769
404888
405000
405133
405295
405460
405568
405745
405882
406136
406256
406380
406495
406698
406878
407020
407204
407320
407472
407606
407822
407926
408076
408224
408393
408497
408647
408764
408935
409086
409226
409358
409475
409645
409761
409883
409986
410140
410303
410456
410567
410700
410887
411034
411154
411321
411452
411637
411783
411949
412079
412199
412332
412442
412591
412743
412911
413091
413194
413363
413463
413608
413747
413928
414050
414146
414277
414447
414549
414651
414759
414990
