392097
392253
392368
392585
392725
392852
392961
393117
393336
393546
393731
393888
394069
394241
394439
394600
394719
394850
394986
395153
395338
395533
395735
395882
396073
396266
396462
396640
396851
397063
397260
397418
397568
397682
397866
398110
398282
398405
398549
398685
398913
399101
399267
399391
399520
399679
399844
399969
400089
400266
400426
400547
400694
400846
401062
401192
401328
401535
401670
401859
402017
402118
402293
402483
402635
402769
402979
403110
403261
403388
403506
403624
403787
403910
404093
404216
404319
404501
404644
404769
404888
405000
405133
405295
405460
405568
405745