17185
31342
41582
52618
60731
69507
76086
83280
88663
96500
102683
108012
114388
118679
121863
125027
128393
131047
134847
137885
140721
143884
146176
149169
152031
154493
156809
158847
161162
163675
165727
168390
170540
172649
175238
177719
179886
181983
184828
186927
188859
191079
192898
194946
197108
199321
200803
202634
204234
206226
207473
208781
210763
212836
214452
216016
217485
219032
220557
222267
223896
225155
226194
227574
228680
230235
231706
233214
234514
235692
236756
237941
239245
239993
241153
242214
243186
244318
245134
246232
247348
248157
249164
250390
251299
252245
252995
254112
254925
255614
256507
257302
258263
259114
260014
260862
261959
262659
263557
264412
265267
265926
266559
267323
268295
268908
269440
270079
270963
271729
272322
273141
273994
