428158
428289
428431
428537
428616
428715
428813
428927
429041
429127
429237
429314
429435
429556
429678
429758
429862
429989
430070
430183
430285
430394
430470
430589
430683
430850
430972
431106
431201
431282
431390
431536
431635
431751
431868
431986
432130
432254
432379
432485
432592
432711
432831
432927
433038
433111
433217
433317
433401
433537
433656
433723
433813
433936
434026
434152
434303
434410
434541
434681
434787
434938
435020
435126
435223
435309
435417
435547
435685
435782
435868
436003
436127
436233
436349
436458
436551
436642
436797
436917
436991
485886
485951
486009
486052
486124
486186
486229
486281
486341
486384
486415
486463
486525
486590
486632
486691
486742
486781
486828
486875
486917
486966
487000
487042
487072
487099
487152
487191
487244
487276
487327
487363
487393
487438
487496
487530
487606
487651
487698
487769
487817
487877
487913
487965
487993
488062
488123
488174
488228
488282
488355
488415
488445
488500
488537
488591
488662
488722
488771