397063
397260
397418
397568
397682
397866
398110
398282
398405
398549
398685
398913
399101
399267
399391
399520
399679
399844
399969
400089
400266
400426
400547
400694
400846
401062
401192
401328
401535
401670
401859
402017
402118
402293
402483
402635
402769
402979
403110
403261
403388
403506
403624
403787
403910
404093
404216
404319
404501
404644
404769
404888
405000
405133
405295
405460
405568
405745
405882
406136
406256
406380
406495
406698
406878
407020
407204
407320
407472
407606
407822
407926
408076
408224
408393
408497
408647
408764
408935
409086
409226
409358
409475
409645
409761
409883
409986
410140
410303
410456
410567
410700
410887
411034
411154
411321
411452
411637
411783
411949
412079
412199
412332
412442
412591
412743
412911
413091
413194
413363
413463
413608
413747
413928
414050
414146
414277
414447
414549
414651
414759
414990
415113
415211
415373
415496
415628
415823
415972
416112
416258
416399
416522
416627
416752
416897
417032
417122
417281
417411
417581
417717
417793
417939
418076
418230
418325
418452
418576
418770
418911
419061
419203
419301
419428
419575
419749
419909
420059
420172
420304
420435
420550
420658
420815
420924
421031
421134
421312
421450
421568
421711
421835
421956
422109
422231
422426
422551
422662
422831
423013
423110
423282
423387
423527
423657
423804
423908
424043
424152
424255
424362
424485
424571
424725
424803
424910
424986
425061
425185
425337
425487
425605
425729
425836
425940
426086
426242
426361
426483
426575
426665
426764
426902
426984
427114
427215
427314
427419
427532
427607
427745
427829
427957
428037