207473
208781
210763
212836
214452
216016
217485
219032
220557
222267
223896
225155
226194
227574
228680
230235
231706
233214
234514
235692
236756
237941
239245
239993
241153
242214
243186
244318
245134
246232
247348
248157
249164
250390
251299
252245
252995
254112
254925
255614
256507
257302
258263
259114
260014
260862
261959
262659
263557
264412
265267
265926
266559
267323
268295
268908
269440
270079
270963
271729
272322
273141
273994
274790
275531
276219
277020
277687
278302
278854
279707
280454
281072
281700
282377
283011
283637
284316
284948
285479
286066
286695
287335
288014
288743
289426
289945
290643
291113
291888
292355
292921
293439
294047
294510
295077
295674
296302
296787
297210
297712
298206
298892
299429
299935
300568
301127
301746
302165
302773
303362
303710
304201
304726
305083
305653
306058
306516
306945
307438
308060
308598
309045
309428
309951
310509
310985
311302
311882
312412
312891
313402
313954
314365
314770
315140
315519
316029
316354
316855
317311
317711
318210
318633
319144
319643
320012
320433
320734
321204