586724
586733
586749
586758
586773
586813
586833
586839
586848
586861
586901
586910
586918
586924
586986
586996
587010
587022
587053
587066
587079
587096
587108
587121
587135
587151
587162
587200
587212
587236
587269
587313
587338
587345
587404
587416
587431
587441
587456
587473
587487
587499
587509
587518
587533
587565
587578
587619
587630
587641
587659
587672
587688
587713
587722
587760
587771
587786
587792
587808
587821
587836
587847
587872
587891
587910
587917
587929
587953
587991
588012
588021
588038
588052
588085
588093
588126
588136
588154
588162
588181
588196
588209
588214
588225
588239
588251
588265
588283
588295
588296
588317
588329
588346
588367
588397
588403
588429
588475
588485
588517
588541
588554
588565
588577
588594
588614
588640
588650
588670
588676
588734
588742
588764
588772
588781
588791
588820
588837
588861
588870
588896
588906
588915
588933
588952
588961
588973
588989
589021
589031
589046
589051
589058
589067
589074
589115
589127
589158
589170
589179
589209
589219
589233
589269
589327
589341
589351
589355
589369
589373
589408
589419
589432
589459
589465
589492
589507
589512
589524
589541
589573
589584
589598
589611
589669
589677
589713
589725
589743
589762
589776
589818
589827
589860
589877
589887
589896
589935
589948
589988
590032
590048
590062
590075
590084
590096
590114
590130
590147
590158
590167
590185
590189
590201
590210
590222
590232
590245
590253
590268
590280
590286
590304
590323
590353
590374
590392
590401
590410
590420
590426
590435
590461
590466
590482
590495
590511
590520
590532
590543
590564
590583
590628
590648
590656
590677
590693
590704
590714
590762
590777
590798
590809
590829
590838
590840
590890
590905
590924
590968
590977
590992
591000
591024
591123
591137
591153
591183
591237
591265
591278
591288
591296
591313
591328
591333
591344
591362
591379
591425
591447
591462
591475
591479
591491
591499
591514
591541
591547
591557
591571
591585
591604
591612
591620
591636
591646
591660
591668
591679
591691
591698
591719
591732
591753
591760
591764
591774
591777
591786
591820
591832
591848
591881
591894
591943
591953
591967
591981
591995
592005
592018
592022
592037
592046
592050
592067
592077
592094
592112
592159
592165
592188
592204
592219
592244
592268
592283
592291
592324
592329
592341
592355
592390
592397
592408
592424
592436
592454
592460
592478
592497
592524
592530
592573
592584
592594
592600
592605
592627
592660
592671
592682
592690
592727
592734
592763
592780
592819
592833
592847
592854
592877
592885
592894
592910
592920
592931
592977
592986
592994
593008
593039
593046
593051
593121
593128
593135
593145
593169
593187
593201
593205
593226
593238
593246
593260
593264
593285
593302
593344
593358
593372
593387
593430
593436
593447
593461
593469
593480
593493
593509
593523
593540
593572
593583
593606
593623
593636
593667
593698
593714
593721
593735
593741
593747
593763
593809
593817
593832
593846
593876
593891
593904
593913
593951
593960
593973
593986
594006
594016
594033
594050
594064
594095
594116
594128
594141
594146
594195
594207
594242
594253
594283
594302
594314
594323
594364
594373
594393
594410
594444
594445
594459
594470
594475
594499
594511
594526
594532
594540
594569
594578
594589
594598
594651
594662
594672
594735
594742
594772
594792
594800
594820
594828
594843
594854
594861
594877
594884
594892
594902
594913
594921
594937
594947
594958
595008
595031
595073
595089
595093
595123
595135
595156
595171
595189
595201
595238
595262
595279
595299
595313
595370
595380
595396
595413
595437
595498
595516
595557
595568
595586
595595
595600
595610
595619
595632
595665
595674
595681
595712
595720
595754
595763
595791
595799
595804
595832
595855
595867
595873
595885
595893
595920
595935
595960
595977
595986
595993
596025
596057
596068
596077
596087
596102
596113
596124
596132
596140
596154
596206
596224
596240
596252
596265
596277
596296
596308
596317
596357
596367
596375
596452
596464
596472
596488
596498
596504
596507
596527
596549
596571
596575
596588
596614
596658
596668
596678
596685
596690
596699
596710
596727
596734
596768
596857
596871
596888
596921
596929
596973
596991
597049
597066
597078
597117
597121
597135
597162
597175
597305
597322
597335
597343
597360
597381
597447
597456
597469
597500
597507
597517
597526
597540
597550
597585
597595
597597
597609
597628
597641
597663
597691
597700
597718
597734
597759
597773
597780
597796
597848
597862
597901
597951
597985
598008
598025
598051
598064
598073
598107
598115
598127
598136
598147
598164
598185
598201
598205
598214
598224
598235
598243
598247
598279
598291
598299
598303
598322
598333
598365
598375
598413
598421
598434
598443
598455
598495
598504
598511
598522
598530
598556
598572
598623
598685
598702
598731
598750
598776
598788
598804
598830
598851
598864
598876
598882
598897
598906
598909
598935
598943
598952
598962
598970
598995
599007
599020
599029
599042
599056
599070
599096
599111
599115
599147
599163
599187
599200
599218
599248
599272
599288
599321
599339
599374
599395
599403
599411
599449
599460
599472
599480
599502
599587
599601
599615
599631
599643
599661
599689
599704
599717
599729
599740
599748
599761
599768
599780
599794
599809
599815
599843
599851
599855
599868
599879
599902
599913
599931
599940
599971
599992
600003
600021
600033
600060
600110
600123
600148
600161
600223
600228
600255
600261
600301
600342
600359
600398
600405
600437
600520
600527
600532
600630
600639
600677
600694
600706
600717
600749
600770
600784
600808
600822
600826
600836
600874
600877
600912
600924
600937
600975
600976
601013
601022
601054
601074
601090
601100
601112
601131
601137
601148
601153
601167
601203
601239
601262
601272
601305
601316
601324
601334
601363
601372
601380
601393
601401
601411
601440
601449
601459
601477
601507
601553
601562
601570
601591
601630
601654
601661
601687
601716
601743
601762
601799
601808
601819
601826
601834
601862
601878
601889
601914
601919
601952
601958
601972
601987
602007
602032
602044
602148
602174
602182
602211
602224
602233
602243
602253
602277
602280
602288
602335
602352
602366
602500
602514
602535
602548
602576
602606
602619
602645
602670
602683
602709
602721
602728
602737
602753
602761
602766
602788
602829
602858
602863
602872
602910
602956
602978
602988
603036
603038
603073
603079
603096
603099
603108
603125
603154
603161
603191
603197
603226
603237
603256
603266
603292
603308
603329
603373
603416
603432
603448
603477
603556
603576
603582
603590
603631
603645
603658
603679
603688
603721
603729
603743
603800
603821
603881
603887
603892
603896
603940
603948
603976
603998
604024
604042
604051
604062
604091
604103
604139
604151
604162
604171
604178
604217
604224
604233
604243
604253
604264
604283
604327
604340
604383
604424
604498
604528
604559
604669
604696
604701
604713
604735
604758
604770
604803
604813
604823
604865
604884
604890
604897
604909
604917
604925
604946
604949
604953
604995
605020
605088
605122
605149
605166
605181
605190
605224
605252
605275
605296
605305
605315
605343
605355
605366
605372
605400
605408
605420
605438
605452
605464
605493
605524
605555
605599
605609
605620
605626
605678
605698
605727
605734
605742
605769
605782
605785
605817
605823
605831
605847
605872
605882
605898
605920
605929
605957
605963
605967
605995
606011
606017
606023
606055
606064
606071
606091
606098
606103
606140
606166
606182
606196
606231
606243
606260
606271
606277
606286
606302
606383
606391
606435
606466
606474
606492
606503
606513
606526
606573
606626
606632
606645
606670
606679
606707
606729
606755
606762
606785
606798
606809
606850
606889
606917
606936
606942
607007
607039
607042
607053
607066
607075
607125
607160
607220
607271
607309
607370
607424
607436
607447
607456
607471
607481
607515
607524
607536
607586
607592
607601
607615
607627
607664
607670
607786
607791
607830
607863
607875
607890
607898
607912
607944
607951
607984
608007
608016
608075
608082
608095
608134
608159
608169
608181
608197
608209
608266
608274
608283
608296
608310
608334
608348
608353
608396
608424
608493
608517
608545
608559
608595
608638
608686
608693
608815
608833
608865
608879
608949
608994
609005
609029
609036
609066
609072
609095
609101
609137
609172
609188
609197
609202
609212
609221
609245
609254
609270
609279
609286
609304
609397
609437
609452
609462
609480
609496
609531
609574
609583
609602
609722
609746
609758
609765
609851
609860
609878
609965
609986
609999
610007
610063
610070
610084
610089
610098
610118
610185
610196
610208
610216