584579
584598
584612
584654
584681
584722
584735
584755
584797
584844
584885
584893
584926
584933
584944
584962
584986
585017
585083
585097
585112
585148
585204
585235
585272
585290
585324
585356
585369
585370
585380
585397
585468
585490
585505
585524
585537
585553
585568
585575
585592
585609
585629
585689
585708
585719
585731
585759
585773
585787
585824
585860
585867
585876
585914
585951
585987
585999
586032
586051
586058
586114
586131
586134
586159
586185
586200
586229
586245
586269
586279
586315
586408
586419
586449
586461
586577
586587
586627
586635
586650
586663
586677
586687
586724
586749
586833
586839
586848
586861
586901
586910
586918
586924
586986
586996
587010
587053
587066
587096
587108
587135
587151
587162
587200
587236
587269
587338
587345
587404
587416
587431
587441
587456
587473
587499
587533
587565
587619
587630
587659
587713
587722
587760
587771
587786
587792
587836
587872
587910
587917
587929
587953
588012
588038
588052
588085
588126
588136
588154
588181
588209
588239
588251
588295
588317
588329
588367
588397
588485
588517
588554
588565
588577
588594
588640
588670
588676
588742
588764
588781
588791
588820
588870
588896
588906
588952
588961
588989
589021
589031
589046
589051
589058
589067
589074
589115
589127
589170
589209
589219
589269
589327
589341
589351
589355
589369
589373
589419
589459
589465
589507
589573
589584
589598
589669
589677
589713
589743
589762
589776
589818
589827
589860
589877
589887
589896
589935
589948
590032
590048
590062
590075
590084
590096
590114
590147
590158
590167
590185
590189
590201
590210
590245
590253
590268
590280
590286
590304
590392
590401
590410
590420
590426
590435
590461
590482
590511
590543
590564
590583
590628
590677
590693
590704
590714
590762
590829
590838
590840
590890
590924
590968
590992
591024
591137
591153
591183
591237
591278
591288
591328
591333
591362
591425
591475
591491
591499
591541
591571
591604
591612
591620
591636
591660
591668
591679
591691
591719
591760
591774
591777
591786
591820
591832
591848
591881
591894
591943
591981
591995
592005
592018
592022
592046
592050
592067
592159
592188
592244
592283
592324
592329
592355
592390
592397
592408
592424
592454
592497
592524
592573
592594
592600
592627
592660
592671
592682
592690
592727
592734
592780
592854
592877
592885
592910
592920
592977
592986
593008
593039
593046
593121
593128
593169
593201
593205
593226
593238
593246
593260
593264
593285
593302
593358
593372
593387
593430
593436
593447
593461
593480
593493
593540
593583
593636
593667
593714
593735
593741
593763
593809
593846
593904
593960
594006
594050
594116
594141
594146
594195
594242
594253
594314
594323
594364
594444
594511
594526
594532
594540
594569
594578
594589
594598
594651
594662
594735
594742
594792
594820
594828
594843
594854
594861
594884
594902
594913
594921
594937
595031
595073
595089
595123
595156
595201
595238
595279
595299
595313
595370
595380
595396
595498
595557
595568
595595
595600
595610
595619
595632
595665
595674
595681
595720
595754
595791
595799
595804
595832
595867
595893
595977
595986
596068
596077
596102
596113
596124
596132
596140
596206
596240
596296
596308
596452
596464
596504
596571
596575
596588
596658
596678
596685
596690
596699
596727
596768
596888
596921
596929
596973
596991
597066
597078
597117
597135
597162
597175
597322
597335
597447
597456
597500
597507
597517
597526
597550
597585
597595
597628
597691
597718
597734
597796
597848
597985
598008
598025
598064
598107
598201
598205
598214
598235
598247
598291
598299
598322
598365
598375
598434
598443
598455
598504
598511
598522
598530
598572
598685
598702
598750
598776
598788
598830
598876
598906
598935
598952
598962
598970
598995
599020
599042
599070
599111
599187
599200
599248
599272
599395
599403
599449
599460
599480
599615
599631
599768
599851
599868
599902
599913
599931
599971
600060
600223
600228
600261
600342
600398
600405
600520
600630
600639
600706
600822
600836
600874
600975
601013
601054
601090
601100
601131
601148
601153
601203
601239
601305
601324
601372
601401
601477
601507
601553
601562
601654
601661
601687
601762
601799
601819
601826
601834
601889
601914
601952
602182
602211
602224
602243
602352
602514
602535
602576
602619
602645
602683
602721
602761
602766
602788
602829
602858
602863
602872
602988
603036
603073
603096
603154
603191
603292
603373
603448
603556
603576
603582
603590
603658
603729
603743
603800
603821
603887
603892
603896
603976
604139
604151
604224
604233
604283
604340
604498
604528
604696
604701
604713
604823
604890
604925
604946
604949
604995
605166
605181
605190
605252
605305
605366
605408
605438
605464
605524
605620
605678
605727
605817
605831
605872
605882
605920
605957
605963
605967
606140
606196
606243
606286
606383
606391
606435
606503
606513
606573
606626
606707
606850
606889
607039
607042
607125
607220
607424
607471
607481
607524
607536
607586
607627
607664
607786
607830
607890
607944
607951
608007
608016
608095
608159
608209
608274
608283
608296
608348
608353
608559
608595
608638
608693
608833
608949
609005
609029
609066
609072
609095
609101
609172
609197
609212
609279
609286
609462
609496
609531
609765
609851
609965
609986
610084
610118
610196
610208
610216
610259
610442
610496
610606
610738
610747
610759
610774
610789
610894
611031
611036
611199
611270
611363
611399
611425
611488
611533
611572
611710
611947
611996
612162
612255
612311
612331
612534
612555
612577
612649
612780
612789
612798
612868
612932
612974
612994
613012
613096
613130
613164
613173
613189
613319
613338
613551
613567
613748
613779
613788
613977
614182
614193
614249
614309
614362
614463
614671
615126
615164
615246
615350
615463
615518
615552
615698
615762
615983
616007
616110
616173
616239
616783
616810
617023
617066
617106
617343
617442
617514
617793
617874
618186
618428
618432
618546
618597
618886
618982
619048
619241
619359
619368
619801
619826
619855
620233
620337
620412
620694
620795
620820
620916
621027
621239
621300
621332
621344
621820
621903
621927
622407
622448
622488
622526
622603
622665
622795
622864
623269
623290
623292
623331
623837
623896
624189
624490
624728
624819
625759
625949
626383
626437
626552
626620
626711
626753
626880
626904
627057
627071
627099
627157
627406
627492
627549
627709
627877
627931
628638
628768
628868
628956
628959
629166
629409
629448
629477
629643
629833
630251
630891
630986
631104
631127
632028
632168
632350
632447
633074
633090
633114
633163
635034
635854
635958
636407
638188
638330
638878
638977
639423
639700
641424
641537
643002
644201
645071
645705
647421
648837
648921
649231
649263
649844
651538
651644
652324
654714
654971
655059
656555
658418
659783
659865
662726
664639
667307
667344
667804
679293
679698
689577
696010
704187
719337
727485