518581
518614
518640
518658
518713
518742
518774
518810
518854
518896
518921
518956
518971
519021
519044
519091
519136
519181
519238
519286
519331
519352
519393
519428
519446
519487
519529
519570
519616
519650
519681
519728
519776
519805
519849
519887
519909
519933
519978
520009
520040
520067
520082
520132
520152
520196
520230
520265
520295
520331
520370
520426
520454
520484
520509
520541
520583
520617
520649
520675
520728
520769
520793
520825
520839
520869
520891
520947
520972
520999
521026
521059
521093
521114
521153
521166
521201
521231
521258
521322
521361
521382
521445
521489
521520
521552
521593
521616
521638
521681
521716
521821
521838
521863
521889
521910
521936
521962
522003
522033
522056
522076
522118
522155
522202
522241
522263
522299
522317
522345
522370
522394
522484
522522
522553
522581
522603
522630
522660
522685
522727
522749
522779
522800
522817
522848
522885
522908
522938
522957
522992
523008
523035
523071
523087
523109
523129
523157
523198
523231
523247
523279
523306
523329
523364
523392
523425
523435
523458
523489
523521
523547
523582
523618
523639
523661
523684
523729
523773
523812
523835
523878
523897
523919
523958
523990
524018
524053
524087
524113
524135
524174
524216
524262
524295
524317
524344
524372
524400
524423
524453
524490
524520
524551
524567
524589
524617
524648
524678
524708
524731
524765
524789
524825
524846
524874
524898
524930
524965
524996
525021
525057
525081
525108
525132
525167
525204
525230
525252
525293
525311
525344
525366
525452
525490
525520
525541
525584
525611
525634
525649
525666
525709
525745
525787
525802
525853
525889
525911
525937
525973
525993
526030
526098
526122
526153
526173
526191
526212
526245
526277
526301
526326
526360
526404
526445
526476
526509
526546
526581
526622
526667
526696
526718
526756
526789
526820
526833
526848
526865
526902
526946
526989
527081
527123
527148
527183
527230
527258
527288
527306
527326
527343
527377
527419
527441
527473
527508
527538
527554
527595
527624
527647
527682
527744
527764
527787
527822
527857
527891
527905
527926
527969
527996
528028
528038
528078
528107
528130
528151
528190
528209
528234
528271
528296
528336
528467
528498
528531
528598
528626
528654
528672
528694
528727
528760
528787
528821
528863
528880
528947
528966
529002
529024
529041
529130
529154
529180
529202
529218
529247
529270
529285
529307
529329
529358
529375
529426
529466
529509
529535
529575
529611
529643
529664
529739
529762
529785
529804
529822
529863
529890
529962
529989
530020
530039
530075
530101
530121
530145
530157
530171
530222
530250
530278
530298
530327
530353
530376
530425
530450
530469
530514
530528
530580
530605
530626
530660
530687
530732
530780
530808
530830
530874
530902
530923
530974
530987
531027
531046
531069
531108
531151
531178
531201
531225
531253
531279
531300
531332
531360
531391
531429
531455
531474
531511
531539
531574
531606
531639
531659
531697
531737
531772
531806
531830
531870
531900
531934
531951
531974
532001
532017
532043
532065
532086
532121
532146
532179
532205
532226
532244
532271
532301
532340
532362
532385
532414
532437
532465
532488
532518
532548
532569
532600
532627
532665
532710
532741
532774
532802
532828
532864
532889
532912
532939
532963
532983
533001
533016
533044
533063
533092
533125
533151
533182
533224
533323
533355
533384
533426
533457
533481
533521
533543
533573
533592
533614
533648
533667
533692
533722
533763
533789
533814
533843
533878
533913
533931
533946
533992
534020
534052
534095
534122
534183
534206
534234
534267
534285
534303
534325
534362
534397
534438
534489
534514
534539
534563
534588
534630
534648
534682
534699
534712
534747
534771
534795
534824
534859
534882
534906
534936
535034
535086
535117
535148
535168
535203
535220
535240
535262
535279
535303
535319
535372
535397
535428
535452
535486
535525
535539
535580
535614
535641
535662
535680
535709
535742
535757
535774
535792
535817
535836
535873
535887
535900
535937
535958
535998
536030
536048
536061
536117
536143
536201
536221
536255
536279
536307
536324
536355
536387
536420
536439
536453
536491
536511
536534
536554
536592
536615
536640
536669
536736
536758
536790
536830
536844
536863
536887
536909
536927
536976
536998
537006
537029
537064
537096
537133
537154
537164
537203
537227
537259
537273
537303
537321
537340
537365
537403
537426
537473
537504
537536
537569
537594
537631
537670
537690
537713
537743
537751
537791
537815
537843
537865
537893
537914
537945
537981
538009
538080
538098
538134
538155
538179
538216
538235
538258
538279
538295
538314
538343
538364
538388
538406
538444
538481
538496
538535
538541
538557
538580
538605
538624
538645
538680
538690
538736
538761
538797
538824
538846
538868
538887
538906
538935
538960
539002
539035
539066
539085
539114
539141
539170
539187
539227
539259
539284
539298
539328
539362
539392
539405
539426
539451
539484
539514
539541
539565
539583
539598
539618
539647
539656
539679
539723
539783
539812
539835
539874
539896
539929
539954
539971
539998
540019
540039
540094
540119
540141
540165
540175
540200
540230
540254
540280
540300
540318
540350
540374
540389
540409
540440
540473
540490
540513
540533
540554
540561
540587
540606
540634
540661
540701
540724
540742
540767
540795
540819
540858
540877
540905
540926
540942
540962
540990
541006
541017
541067
541090
541125
541147
541160
541200
541223
541229
541242
541258
541283
541355
541402
541426
541489
541522
541578
541590
541607
541627
541649
541681
541706
541729
541746
541757
541783
541808
541823
541839
541854
541879
541934
541955
541975
541999
542023
542044
542088
542113
542129
542150
542183
542201
542225
542247
542274
542310
542389
542408
542449
542463
542472
542504
542539
542569
542600
542637
542653
542719
542735
542753
542770
542783
542795
542816
542846
542856
542891
542906
542946
542987
543043
543060
543078
543109
543127
543168
543190
543241
543269
543308
543349
543359
543372
543392
543404
543418
543451
543486
543512
543538
543544
543560
543606
543619
543639
543656
543669
543698
543722
543743
543774
543792
543809
543821
543835
543869
543895
543926
543953
543975
544005
544023
544045
544116
544145
544162
544179
544205
544219
544255
544279
544305
544320
544344
544360
544373
544393
544416
544446
544464
544486
544515
544544
544569
544581
544615
544644
544656
544694
544705
544731
544754
544787
544806
544827
544849
544863
544896
544908
544945
