17185
31342
41582
52618
60731
69507
76086
83280
88663
96500
102683
108012
114388
118679
121863
125027
128393
131047
134847
137885
140721
143884
146176
149169
152031
154493
156809
158847
161162
163675
165727
168390
170540
172649
175238
177719
179886
181983
184828
186927
188859
191079
192898
194946
197108
199321
200803
202634
204234
206226
207473
208781
210763
212836
214452
216016
217485
219032
220557
222267
223896
225155
226194
227574
228680
230235
231706
233214
234514
235692
236756
237941
239245
239993
241153
242214
243186
244318
245134
246232
247348
248157
249164
250390
251299
252245
252995
254112
254925
255614
256507
257302
258263
259114
260014
260862
261959
262659
263557
264412
265267
265926
266559
267323
268295
268908
269440
270079
270963
271729
272322
273141
273994
274790
275531
276219
277020
277687
278302
278854
279707
280454
281072
281700
282377
283011
283637
284316
284948
285479
286066
286695
287335
288014
288743
289426
289945
290643
291113
291888
292355
292921
293439
294047
294510
295077
295674
296302
296787
297210
297712
298206
298892
299429
299935
300568
301127
301746
302165
302773
303362
303710
304201
304726
305083
305653
306058
306516
306945
307438
308060
308598
309045
309428
309951
310509
310985
311302
311882
312412
312891
313402
313954
314365
314770
315140
315519
316029
316354
316855
317311
317711
318210
318633
319144
319643
320012
320433
320734
321204
321674
322160
322581
322979
323455
323851
324127
324572
324997
325335
325808
326217
326652
327112
327405
327822
328251
328677
329105
329515
329849
330208
330553
330955
331293
331701
332068
332389
332812
333258
333672
334028
334350
334727
335078
335486
335927
336276
336516
336796
337048
337444
337843
338148
338458
338817
339181
339547
339862
340106
340355
340585
340976
341356
341683
342047
342343
342689
343039
343429
343638
343988
344300
344593
344987
345250
345456
345812
346075
346420
346748
346976
347237
347508
347785
348038
348334
348593
348894
349135
349414
349624
349897
350183
350486
350843
351071
351452
351779
352061
352359
352578
352816
353167
353423
353729
353973
354239
354483
354727
354986
355232
355537
355911
356176
356415
356678
356906
357235
357465
357765
358016
358273
358582
358886
359086
359334
359639
359811
360087
360294
360509
360750
360916
361189
361418
361752
362042
362370
362551
362780
363104
363315
363524
363736
363981
364263
364479
364807
365010
365263
365493
365743
366034
366338
366565
366792
367139
367456
367688
367929
368170
368436
368697
368884
369152
369366
369545
369789
370003
370190
370529
370781
371013
371259
371471
371704
371859
372175
372343
372568
372778
373050
373291
373510
373699
373951
374228
374379
374593
374789
375020
375236
375401
375639
375909
376132
376356
376544
376738
376963
377212
377398
377539
377804
378115
378298
378526
378745
378943
379147
379320
379540
379732
379949
380119
380276
380475
380751
380934
381147
381392
381608
381831
382059
382256
382483
382684
382921
383118
383307
383506
383723
383945
384103
384355
384534
384705
384914
385115
385350
385582
385798
386003
386247
386429
386612
386827
387067
387236
387438
387590
387726
387936
388115
388249
388428
388615
388818
389056
389156
389345
389511
389704
389917
390127
390305
390465
390724
390859
391081
391260
391447
391681
391869
392097
392253
392368
392585
392725
392852
392961
393117
393336
393546
393731
393888
394069
394241
394439
394600
394719
394850
394986
395153
395338
395533
395735
395882
396073
396266
396462
396640
396851
397063
397260
397418
397568
397682
397866
398110
398282
398405
398549
398685
398913
399101
399267
399391
399520
399679
399844
399969
400089
400266
400426
400547
400694
400846
401062
401192
401328
401535
401670
401859
402017
402118
402293
402483
402635
402769
402979
403110
403261
403388
403506
403624
403787
403910
404093
404216
404319
404501
404644
404769
404888
405000
405133
405295
405460
405568
405745
405882
406136
406256
406380
406495
406698
406878
407020
407204
407320
407472
407606
407822
407926
408076
408224
408393
408497
408647
408764
408935
409086
409226
409358
409475
409645
409761
409883
409986
410140
410303
410456
410567
410700
410887
411034
411154
411321
411452
411637
411783
411949
412079
412199
412332
412442
412591
412743
412911
413091
413194
413363
413463
413608
413747
413928
414050
414146
414277
414447
414549
414651
414759
414990
415113
415211
415373
415496
415628
415823
415972
416112
416258
416399
416522
416627
416752
416897
417032
417122
417281
417411
417581
417717
417793
417939
418076
418230
418325
418452
418576
418770
418911
419061
419203
419301
419428
419575
419749
419909
420059
420172
420304
420435
420550
420658
420815
420924
421031
421134
421312
421450
421568
421711
421835
421956
422109
422231
422426
422551
422662
422831
423013
423110
423282
423387
423527
423657
423804
423908
424043
424152
424255
424362
424485
424571
424725
424803
424910
424986
425061
425185
425337
425487
425605
425729
425836
425940
426086
426242
426361
426483
426575
426665
426764
426902
426984
427114
427215
427314
427419
427532
427607
427745
427829
427957
428037
428158
428289
428431
428537
428616
428715
428813
428927
429041
429127
429237
429314
429435
429556
429678
429758
429862
429989
430070
430183
430285
430394
430470
430589
430683
430850
430972
431106
431201
431282
431390
431536
431635
431751
431868
431986
432130
432254
432379
432485
432592
432711
432831
432927
433038
433111
433217
433317
433401
433537
433656
433723
433813
433936
434026
434152
434303
434410
434541
434681
434787
434938
435020
435126
435223
435309
435417
435547
435685
435782
435868
436003
436127
436233
436349
436458
436551
436642
436797
436917
436991
437121
437239
437314
437408
437507
437645
437749
437822
437945
438038
438167
438297
438368
438453
438568
438669
438787
438890
438996
439078
439201
439283
439392
439468
439518
439630
439732
439827
439922
440024
440144
440193
440289
440377
440477
440568
440642
440726
440827
440923
441036
441141
441218
441327
441397
441494
441574
441667
441763
441857
441939
442084
442154
442227
442299
442350
442439
442532
442637
442761
442855
442979
443097
443175
443249
443356
443421
443498
443587
443683
443746
443801
443914
444067
444184
444251
444340
444442
444545
444631
444728
444834
444929
444997
445092
445185
445271
445342
445420
445515
445567
445658
445753
445878
445939
446011
446112
446172
446253
446330
446449
446548
446612
446682
446786
446937
447042
447153
447236
447350
447433
447532
447606
447695
447767
447886
448021
448111
448196
448269
448371
448447
448525
448642
448732
448840
448928
449034
449099
449201
449267
449361
449465
449549
449651
449733
449846
449910
449972
450046
450126
450177
450265
450337
450420
450493
450593
450683
450767
450849
450920
451005
451090
451179
451243
451323
451410
451503
451626
451693
451807
451860
451961
452045
452112
452185
452279
452357
452395
452500
452577
452651
452737
452839
452895
452955
453019
453081
453134
453231
453313
453393
453450
453526
453609
453713
453753
453835
453961
454015
454074
454151
454247
454306
454376
454462
454539
454633
454729
454795
454898
454963
455058
455109
455198
455258
455335
455413
455479
455551
455637
455730
455857
455957
456014
456114
456168
456234
456283
456381
456456
456538
456584
456634
456725
456786
456872
456921
457000
457086
457169
457227
457296
457361
457452
457514
457604
457697
457781
457871
457931
457998
458028
458111
458174
458231
458302
458378
458447
458509
458604
458658
458722
458784
458864
458945
459020
459084
459169
459243
459270
459360
459394
459517
459576
459665
459730
459786
459850
459906
459959
460008
460076
460117
460193
460273
460351
460434
460526
460595
460692
460746
460823
460888
460939
461038
461136
461202
461283
461364
461450
461521
461609
461667
461709
461806
461864
461929
462010
462077
462141
462189
462241
462323
462391
462481
462564
462631
462690
462775
462832
462904
462986
463062
463139
463233
463278
463340
463395
463453
463521
463597
463649
463750
463804
463894
463958
464018
464110
464182
464247
464292
464422
464490
464539
464576
464669
464742
464788
464894
464936
465016
465080
465136
465205
465284
465320
465361
465412
465495
465548
465614
465693
465764
465842
465921
466003
466055
466133
466182
466265
466332
466387
466436
466493
466599
466694
466746
466801
466894
466958
467011
467052
467127
467212
467256
467308
467385
467445
467519
467575
467628
467700
467740
467798
467871
467919
467958
468006
468064
468110
468168
468251
468318
468382
468450
468508
468590
468623
468695
468759
468817
468888
468921
468967
469060
469102
469147
469204
469265
469315
469377
469438
469464
469539
469589
469657
469705
469740
469803
469879
469930
469967
470060
470134
470178
470252
470322
470380
470420
470493
470548
470617
470679
470728
470808
470884
470950
471006
471109
471161
471219
471358
471420
471468
471517
471591
471665
471740
471801
471857
471901
471951
472020
472104
472174
472218
472295
472362
472418
472457
472499
472550
472641
472685
472747
472824
472884
472955
473004
473055
473125
473166
473207
473287
473349
473420
473471
473514
473563
473641
473676
473753
473815
473858
473898
473957
474017
474061
474127
474170
474204
474231
474271
474320
474377
474437
474505
474569
474623
474674
474757
474813
474860
474918
474979
475020
475098
475171
475220
475293
475354
475440
475490
475542
475603
475656
475722
475781
475865
475906
475956
476005
476044
476118
476172
476232
476295
476362
476417
476487
476527
476557
476624
476696
476745
476820
476892
476944
476997
477031
477089
477119
477179
477227
477290
477378
477419
477474
477518
477564
477624
477677
477745
477802
477875
477919
477974
478037
478092
478160
478247
478298
478357
478410
478452
478496
478535
478604
478661
478696
478759
478856
478927
479002
479056
479117
479174
479221
479264
479314
479372
479411
479461
479560
479628
479682
479745
479798
479839
479884
479917
480000
480073
480151
480194
480230
480285
480345
480391
480441
480497
480550
480587
480645
480712
480750
480803
480879
480931
480989
481036
481064
481126
481171
481254
481300
481347
481405
481453
481503
481545
481597
481653
481724
481804
481855
481894
481947
482006
482054
482117
482169
482196
482257
482323
482368
482435
482479
482533
482589
482614
482674
482714
482757
482814
482869
482925
482987
483033
483068
483113
483179
483214
483269
483323
483370
483421
483484
483521
483590
483641
483693
483749
483812
483868
483900
483927
483977
484045
484113
484155
484207
484257
484307
484336
484366
484427
484506
484550
484608
484655
484715
484771
484818
484852
484905
484944
485017
485095
485146
485196
485233
485283
485365
485394
485441
485485
485518
485542
485596
485654
485703
485747
485782
485833
485886
485951
486009
486052
486124
486186
486229
486281
486341
486384
486415
486463
486525
486590
486632
486691
486742
486781
486828
486875
486917
486966
487000
487042
487072
487099
487152
487191
487244
487276
487327
487363
487393
487438
487496
487530
487606
487651
487698
487769
487817
487877
487913
487965
487993
488062
488123
488174
488228
488282
488355
488415
488445
488500
488537
488591
488662
488722
488771
488841
488906
488945
488990
489016
489054
489100
489162
489230
489273
489314
489417
489462
489501
489550
489593
489618
489666
489703
489752
489812
489863
489901
489953
489990
490053
490109
490130
490172
490195
490238
490280
490342
490418
490475
490533
490577
490617
490661
490711
490768
490806
490842
490867
490921
490986
491026
491066
491089
491145
491189
491225
491282
491316
491354
491403
491471
491520
491581
491614
491650
491735
491761
491801
491872
491901
491931
491980
492023
492092
492125
492178
492223
492285
492326
492352
492392
492425
492462
492493
492528
492565
492614
492666
492710
492755
492808
492825
492845
492889
492947
492989
493034
493085
493141
493183
493230
493266
493314
493380
493437
493491
493517
493575
493633
493658
493702
493751
493796
493859
493920
493964
494009
494036
494091
494131
494178
494232
494273
494326
494377
494423
494487
494526
494578
494622
494667
494721
494771
494807
494846
494928
494991
495043
495073
495113
495177
495214
495261
495297
495331
495389
495442
495471
495515
495540
495589
495654
495719
495772
495803
495854
495882
495934
495980
496019
496056
496113
496132
496167
496212
496244
496292
496326
496369
496436
496474
496515
496545
496596
496646
496713
496757
496805
496845
496906
496938
496990
497032
497088
497138
497176
497220
497258
497299
497351
497380
497409
497450
497498
497529
497548
497585
497617
497646
497683
497712
497754
497800
497838
497879
497926
497964
498011
498031
498067
498118
498171
498203
498248
498297
498335
498389
498415
498462
498520
498576
498622
498677
498710
498768
498803
498854
498879
498923
498958
498984
499025
499055
499113
499130
499161
499195
499223
499270
499320
499357
499383
499436
499463
499487
499522
499574
499609
499636
499679
499716
499758
499810
499852
499897
499960
499996
500035
500086
500114
500148
500188
500239
500268
500294
500330
500366
500398
500448
500494
500532
500575
500632
500665
500725
500766
500833
500867
500922
500959
501007
501066
501112
501156
501186
501215
501244
501292
501324
501368
501430
501464
501526
501561
501604
501628
501658
501685
501720
501761
501795
501859
501903
501949
501991
502043
502087
502121
502168
502209
502232
502279
502312
502347
502380
502427
502461
502503
502521
502560
502595
502619
502648
502685
502730
502767
502796
502847
502881
502919
502956
502976
503033
503091
503114
503137
503194
503240
503289
503322
503364
503393
503432
503467
503503
503530
503582
503636
503664
503706
503750
503778
503826
503880
503916
503951
504000
504030
504065
504093
504142
504177
504227
504295
504350
504383
504426
504488
504549
504593
504650
504691
504730
504757
504785
504837
504863
504912
504954
504994
505030
505067
505106
505164
505211
505253
505333
505379
505455
505481
505530
505572
505616
505642
505680
505752
505793
505831
505860
505892
505928
505967
506022
506063
506106
506138
506174
506207
506244
506279
506313
506356
506393
506409
506435
506481
506526
506566
506609
506653
506719
506753
506782
506823
506877
506903
506943
506992
507025
507070
507096
507130
507157
507200
507256
507299
507327
507361
507397
507458
507516
507556
507587
507624
507666
507701
507742
507775
507807
507865
507900
507933
507965
507984
508020
508058
508114
508156
508188
508239
508263
508294
508327
508360
508386
508433
508463
508523
508564
508596
508627
508677
508709
508748
508795
508824
508854
508888
508955
508985
509018
509042
509079
509103
509131
509167
509196
509256
509301
509363
509402
509446
509468
509491
509521
509561
509608
509646
509689
509728
509766
509805
509857
509903
509922
509994
510014
510059
510085
510122
510161
510206
510245
510299
510323
510362
510390
510430
510458
510495
510533
510567
510594
510631
510680
510728
510751
510778
510806
510836
510861
510882
510912
510944
511005
511021
511059
511095
511127
511175
511195
511214
511252
511274
511298
511327
511362
511401
511443
511501
511542
511576
511600
511638
511687
511714
511748
511787
511826
511858
511875
511905
511944
511980
512014
512049
512067
512125
512154
512170
512201
512247
512306
512330
512366
512414
512459
512494
512531
512569
512600
512631
512683
512707
512755
512799
512842
512870
512906
512934
512948
512981
513009
513026
513052
513094
513137
513160
513186
513220
513262
513298
513322
513371
513402
513437
513468
513504
513534
513598
513624
513646
513677
513718
513732
513760
513789
513820
513861
513925
513954
513986
514017
514047
514093
514127
514149
514178
514205
514249
514295
514333
514361
514389
514437
514475
514500
514538
514587
514637
514671
514699
514737
514770
514808
514850
514885
514917
514961
514988
515019
515058
515097
515133
515177
515207
515252
515265
515286
515318
515332
515384
515410
515437
515473
515504
515543
515570
515620
515648
515684
515718
515751
515772
515794
515821
515860
515887
515909
515936
515981
516011
516034
516068
516104
516129
516161
516175
516188
516225
516256
516303
516333
516377
516398
516416
516465
516502
516530
516572
516606
516638
516686
516703
516737
516768
516793
516819
516854
516889
516909
516941
516966
517008
517040
517106
517137
517199
517234
517290
517336
517366
517382
517424
517461
517503
517535
517561
517587
517644
517681
517714
517751
517772
517812
517858
517881
517908
517938
517977
518008
518056
518077
518111
518148
518197
518236
518272
518299
518340
518369
518390
518430
518460
518479
518522
518557
518581
518614
518640
518658
518713
518742
518774
518810
518854
518896
518921
518956
518971
519021
519044
519091
519136
519181
519238
519286
519331
519352
519393
519428
519446
519487
519529
519570
519616
519650
519681
519728
519776
519805
519849
519887
519909
519933
519978
520009
520040
520067
520082
520132
520152
520196
520230
520265
520295
520331
520370
520426
520454
520484
520509
520541
520583
520617
520649
520675
520728
520769
520793
520825
520839
520869
520891
520947
520972
520999
521026
521059
521093
521114
521153
521166
521201
521231
521258
521322
521361
521382
521445
521489
521520
521552
521593
521616
521638
521681
521716
521821
521838
521863
521889
521910
521936
521962
522003
522033
522056
522076
522118
522155
522202
522241
522263
522299
522317
522345
522370
522394
522429
522484
522522
522553
522581
522603
522630
522660
522685
522727
522749
522779
522800
522817
522848
522885
522908
522938
522957
522992
523008
523035
523071
523087
523109
523129
523157
523198
523231
523247
523279
523306
523329
523364
523392
523425
523435
523458
523489
523521
523547
523582
523618
523639
523661
523684
523729
523773
523812
523835
523878
523897
523919
523958
523990
524018
524053
524087
524113
524135
524174
524216
524262
524295
524317
524344
524372
524400
524423
524453
524490
524520
524551
524567
524589
524617
524648
524678
524708
524731
524765
524789
524825
524846
524874
524898
524930
524965
524996
525021
525057
525081
525108
525132
525167
525204
525230
525252
525293
525311
525344
525366
525452
525490
525520
525541
525584
525611
525634
525649
525666
525709
525745
525787
525802
525853
525889
525911
525937
525973
525993
526030
526062
526098
526122
526153
526173
526191
526212
526245
526277
526301
526326
526360
526404
526445
526476
526509
526546
526581
526622
526667
526696
526718
526756
526789
526820
526833
526848
526865
526902
526946
526989
527037
527081
527123
527148
527183
527230
527258
527288
527306
527326
527343
527377
527419
527441
527473
527508
527538
527554
527595
527624
527647
527682
527712
527744
527764
527787
527822
527857
527891
527905
527926
527969
527996
528028
528038
528078
528107
528130
528151
528190
528209
528234
528271
528296
528336
528358
528467
528498
528531
528598
528626
528654
528672
528694
528727
528760
528787
528821
528863
528880
528906
528947
528966
529002
529024
529041
529088
529130
529154
529180
529202
529218
529247
529270
529285
529307
529329
529358
529375
529426
529466
529509
529535
529575
529611
529643
529664
529683
529739
529762
529785
529804
529822
529863
529890
529926
529962
529989
530020
530039
530075
530101
530121
530145
530157
530171
530222
530250
530278
530298
530327
530353
530376
530425
530450
530469
530514
530528
530580
530605
530626
530660
530687
530732
530780
530808
530830
530874
530902
530923
530974
530987
531027
531046
531069
531108
531151
531178
531201
531225
531253
531279
531300
531332
531360
531391
531429
531455
531474
531511
531539
531574
531606
531639
531659
531697
531737
531772
531806
531830
531870
531900
531934
531951
531974
532001
532017
532043
532065
532086
532121
532146
532179
532205
532226
532244
532271
532301
532340
532362
532385
532414
532437
532465
532488
532518
532548
532569
532600
532627
532665
532710
532741
532774
532802
532828
532864
532889
532912
532939
532963
532983
533001
533016
533044
533063
533092
533125
533151
533182
533224
533253
533323
533355
533384
533426
533457
533481
533521
533543
533573
533592
533614
533648
533667
533692
533722
533763
533789
533814
533843
533878
533913
533931
533946
533992
534020
534052
534095
534122
534150
534183
534206
534234
534267
534285
534303
534325
534362
534397
534438
534489
534514
534539
534563
534588
534630
534648
534682
534699
534712
534747
534771
534795
534824
534859
534882
534906
534936
534974
535034
535086
535117
535148
535168
535203
535220
535240
535262
535279
535303
535319
535372
535397
535428
535452
535486
535525
535539
535580
535614
535641
535662
535680
535709
535742
535757
535774
535792
535817
535836
535873
535887
535900
535937
535958
535998
536030
536048
536061
536117
536143
536163
536201
536221
536255
536279
536307
536324
536355
536387
536420
536439
536453
536491
536511
536534
536554
536592
536615
536640
536669
536736
536758
536790
536830
536844
536863
536887
536909
536927
536976
536998
537006
537029
537064
537096
537133
537154
537164
537203
537227
537259
537273
537303
537321
537340
537365
537403
537426
537473
537504
537536
537569
537594
537631
537670
537690
537713
537743
537751
537791
537815
537843
537865
537893
537914
537945
537981
538009
538040
538080
538098
538134
538155
538179
538216
538235
538258
538279
538295
538314
538343
538364
538388
538406
538444
538481
538496
538535
538541
538557
538580
538605
538624
538645
538680
538690
538736
538761
538797
538824
538846
538868
538887
538906
538935
538960
539002
539035
539066
539085
539114
539141
539170
539187
539227
539259
539284
539298
539328
539362
539392
539405
539426
539451
539484
539514
539541
539565
539583
539598
539618
539647
539656
539679
539723
539751
539783
539812
539835
539874
539896
539929
539954
539971
539998
540019
540039
540094
540119
540141
540165
540175
540200
540230
540254
540280
540300
540318
540350
540374
540389
540409
540440
540473
540490
540513
540533
540554
540561
540587
540606
540634
540661
540701
540724
540742
540767
540795
540819
540858
540877
540905
540926
540942
540962
540990
541006
541017
541032
541067
541090
541125
541147
541160
541200
541223
541229
541242
541258
541283
541355
541402
541426
541489
541522
541545
541578
541590
541607
541627
541649
541681
541706
541729
541746
541757
541783
541808
541823
541839
541854
541879
541934
541955
541975
541999
542023
542044
542068
542088
542113
542129
542150
542183
542201
542225
542247
542274
542310
542350
542389
542408
542449
542463
542472
542504
542539
542569
542600
542637
542653
542719
542735
542753
542770
542783
542795
542816
542846
542856
542891
542906
542946
542987
543014
543043
543060
543078
543109
543127
543168
543190
543241
543269
543283
543308
543332
543349
543359
543372
543392
543404
543418
543451
543486
543512
543538
543544
543560
543573
543606
543619
543639
543656
543669
543698
543722
543743
543774
543792
543809
543821
543835
543869
543895
543926
543953
543975
544005
544023
544045
544116
544145
544162
544179
544205
544219
544255
544279
544305
544320
544344
544360
544373
544393
544416
544446
544464
544486
544515
544544
544569
544581
544615
544644
544656
544694
544705
544731
544754
544787
544806
544827
544849
544863
544896
544908
544945
544976
545013
545037
545050
545070
545101
545136
545154
545179
545214
545249
545265
545301
545323
545346
545377
545399
545413
545434
545502
545536
545571
545589
545612
545630
545657
545664
545690
545733
545758
545770
545804
545821
545832
545856
545874
545886
545918
545936
545955
545986
546018
546047
546070
546144
546171
546186
546235
546260
546288
546305
546316
546337
546361
546374
546394
546426
546452
546464
546483
546510
546535
546567
546586
546597
546636
546653
546709
546735
546758
546778
546811
546846
546873
546885
546927
546944
546958
546982
546989
547017
547034
547038
547056
547081
547107
547126
547150
547193
547211
547232
547250
547271
547290
547304
547375
547399
547427
547443
547470
547493
547512
547527
547546
547569
547596
547632
547655
547671
547691
547714
547738
547767
547788
547815
547830
547848
547872
547892
547907
547924
547956
547984
547998
548053
548058
548088
548113
548129
548153
548188
548208
548223
548246
548267
548305
548321
548343
548369
548403
548446
548458
548488
548501
548520
548531
548572
548590
548609
548631
548662
548675
548688
548719
548735
548756
548783
548801
548808
548836
548855
548864
548883
548910
548944
548971
548993
549006
549041
549066
549085
549108
549134
549173
549215
549236
549262
549281
549311
549340
549349
549364
549388
549407
549424
549434
549467
549493
549512
549534
549560
549583
549611
549641
549666
549697
549729
549760
549780
549796
549819
549846
549879
549897
549920
549937
549956
549983
550016
550044
550071
550102
550124
550145
550173
550211
550229
550248
550264
550281
550305
550319
550347
550382
550400
550419
550450
550484
550510
550537
550562
550580
550596
550619
550654
550679
550735
550746
550757
550768
550798
550818
550836
550852
550858
550878
550898
550925
550949
550967
550985
551001
551019
551032
551061
551091
551108
551127
551168
551181
551194
551208
551235
551262
551293
551318
551333
551363
551383
551414
551438
551455
551478
551506
551570
551589
551607
551635
551664
551676
551694
551727
551748
551774
551799
551821
551854
551876
551892
551919
551950
551981
552016
552073
552100
552112
552144
552166
552183
552203
552250
552272
552281
552296
552312
552338
552367
552377
552392
552408
552431
552469
552488
552509
552541
552553
552582
552596
552606
552628
552643
552677
552700
552724
552746
552765
552776
552798
552823
552840
552862
552898
552925
552950
552953
552985
552996
553024
553043
553069
553089
553111
553133
553143
553175
553193
553214
553235
553250
553272
553301
553327
553354
553380
553407
553444
553466
553492
553511
553529
553545
553572
553581
553590
553604
553630
553640
553664
553681
553700
553708
553725
553741
553774
553798
553824
553848
553869
553882
553906
553917
553932
553954
553973
553994
554014
554028
554058
554080
554105
554116
554131
554161
554189
554210
554233
554260
554289
554315
554326
554361
554389
554403
554419
554441
554462
554492
554508
554528
554549
554580
554601
554610
554623
554650
554672
554687
554698
554728
554748
554768
554795
554816
554826
554843
554873
554891
554925
554954
554976
554986
555014
555033
555051
555068
555077
555091
555106
555113
555132
555161
555177
555202
555210
555224
555252
555292
555319
555347
555382
555414
555445
555463
555488
555517
555540
555562
555591
555614
555635
555650
555695
555713
555734
555754
555776
555802
555835
555859
555875
555906
555921
555940
555967
555981
555998
556016
556032
556052
556074
556091
556103
556140
556157
556183
556206
556215
556230
556247
556250
556274
556292
556307
556328
556347
556362
556383
556407
556421
556431
556458
556481
556505
556528
556548
556552
556571
556591
556618
556642
556668
556683
556705
556715
556736
556749
556784
556795
556821
556845
556869
556901
556921
556948
556962
556980
557018
557037
557070
557080
557098
557127
557139
557154
557180
557201
557213
557236
557252
557269
557291
557314
557335
557351
557388
557414
557434
557455
557488
557500
557520
557560
557606
557627
557637
557657
557675
557692
557730
557749
557761
557768
557786
557804
557822
557864
557878
557900
557923
557943
557964
557979
558003
558021
558045
558069
558084
558103
558139
558164
558183
558207
558231
558247
558276
558305
558321
558344
558359
558384
558402
558418
558473
558487
558519
558537
558550
558583
558600
558624
558642
558656
558679
558703
558726
558753
558761
558782
558800
558809
558839
558864
558876
558897
558919
558938
558955
558970
558988
559011
559031
559054
559067
559092
559115
559142
559158
559182
559208
559232
559263
559290
559315
559335
559356
559401
559419
559475
559499
559510
559536
559548
559556
559574
559598
559636
559654
559664
559677
559695
559710
559737
559752
559761
559782
559800
559822
559837
559866
559887
559901
559917
559945
559963
559993
560021
560034
560072
560103
560119
560137
560164
560188
560213
560241
560268
560277
560291
560301
560316
560344
560367
560392
560404
560426
560437
560471
560495
560527
560547
560576
560594
560627
560641
560668
560692
560713
560743
560767
560782
560800
560803
560827
560858
560874
560895
560919
560928
560948
560967
560985
560997
561014
561041
561065
561080
561104
561123
561142
561157
561176
561204
561234
561246
561258
561306
561331
561358
561366
561381
561429
561448
561470
561492
561508
561525
561543
561556
561577
561601
561631
561654
561675
561689
561700
561723
561729
561746
561758
561782
561800
561826
561846
561865
561883
561897
561925
561936
561961
561983
561992
562018
562024
562043
562053
562066
562088
562109
562135
562176
562199
562211
562221
562233
562266
562281
562310
562333
562344
562361
562385
562410
562417
562432
562455
562481
562503
562515
562544
562569
562589
562604
562629
562647
562669
562683
562729
562744
562766
562798
562819
562883
562905
562913
562940
562968
563004
563020
563039
563052
563082
563107
563126
563151
563171
563187
563206
563216
563234
563241
563260
563276
563296
563315
563347
563382
563400
563417
563442
563467
563491
563504
563519
563537
563555
563572
563598
563622
563648
563655
563662
563683
563712
563727
563760
563783
563793
563821
563859
563872
563877
563892
563912
563926
563950
563962
563982
563994
564003
564018
564048
564064
564083
564112
564123
564144
564164
564179
564197
564228
564252
564271
564289
564311
564331
564348
564368
564385
564407
564423
564434
564453
564474
564486
564512
564523
564545
564567
564588
564612
564623
564648
564670
564687
564713
564732
564742
564777
564817
564843
564859
564871
564882
564892
564914
564935
564947
564989
565005
565026
565075
565094
565110
565135
565159
565178
565193
565200
565213
565260
565283
565307
565316
565330
565344
565365
565376
565389
565410
565432
565475
565493
565539
565557
565581
565602
565629
565642
565654
565675
565684
565704
565781
565806
565824
565853
565868
565881
565913
565928
565942
565955
565967
565982
565997
566008
566025
566043
566057
566076
566080
566096
566121
566142
566160
566175
566189
566214
566228
566241
566264
566278
566283
566304
566318
566334
566348
566377
566397
566427
566447
566468
566488
566506
566517
566530
566543
566559
566578
566590
566607
566625
566640
566662
566689
566704
566715
566733
566749
566768
566793
566822
566828
566848
566857
566876
566892
566904
566945
566962
566995
567005
567020
567035
567060
567085
567100
567124
567131
567146
567158
567178
567191
567201
567212
567240
567259
567274
567299
567314
567326
567342
567351
567369
567381
567406
567416
567435
567456
567477
567495
567517
567541
567567
567578
567594
567613
567642
567657
567667
567687
567697
567713
567730
567750
567764
567774
567818
567832
567839
567845
567853
567869
567887
567941
567956
568001
568032
568052
568064
568093
568118
568129
568138
568161
568194
568236
568250
568278
568300
568320
568335
568362
568382
568414
568437
568480
568506
568518
568534
568546
568559
568595
568650
568666
568685
568693
568702
568722
568736
568753
568762
568777
568794
568825
568841
568862
568873
568883
568902
568920
568936
568974
569000
569019
569034
569045
569063
569078
569089
569149
569163
569175
569197
569217
569253
569277
569290
569305
569314
569332
569355
569388
569407
569459
569468
569483
569504
569518
569539
569558
569580
569628
569654
569679
569698
569720
569742
569756
569770
569780
569790
569827
569838
569864
569873
569923
569940
569953
569986
570007
570014
570035
570049
570070
570082
570104
570115
570139
570159
570184
570199
570220
570241
570255
570261
570304
570320
570340
570357
570386
570401
570421
570434
570456
570468
570521
570540
570560
570572
570590
570604
570622
570639
570645
570664
570691
570710
570720
570736
570752
570763
570771
570792
570813
570830
570856
570875
570894
570943
570959
570992
571014
571031
571048
571066
571081
571094
571102
571110
571121
571131
571146
571153
571175
571201
571242
571256
571274
571340
571349
571365
571408
571415
571436
571480
571488
571504
571531
571559
571568
571581
571593
571614
571626
571634
571647
571665
571681
571700
571713
571771
571787
571804
571824
571836
571853
571872
571890
571899
571920
571938
571959
571972
572002
572014
572022
572045
572064
572092
572108
572129
572148
572156
572166
572191
572207
572229
572246
572261
572294
572321
572344
572370
572422
572439
572459
572464
572480
572490
572503
572517
572529
572546
572551
572566
572578
572608
572623
572646
572696
572715
572740
572749
572761
572792
572809
572833
572847
572868
572879
572894
572914
572936
572953
572990
572995
573007
573021
573034
573057
573084
573103
573127
573148
573160
573175
573192
573206
573255
573273
573285
573325
573340
573353
573394
573414
573438
573458
573480
573502
573516
573532
573548
573560
573576
573592
573608
573629
573641
573649
573659
573670
573692
573701
573750
573757
573770
573841
573855
573867
573906
573930
573944
573949
573962
573981
573988
573997
574003
574018
574066
574105
574115
574134
574158
574180
574205
574263
574276
574306
574326
574342
574352
574388
574418
574432
574447
574464
574474
574496
574504
574522
574543
574559
574583
574620
574627
574649
574706
574725
574735
574744
574758
574767
574776
574787
574813
574829
574854
574871
574903
574913
574928
574940
574948
574964
574982
575001
575014
575032
575045
575077
575093
575119
575131
575148
575169
575177
575193
575215
575238
575303
575327
575339
575347
575359
575376
575397
575411
575421
575440
575455
575471
575483
575497
575535
575551
575564
575585
575603
575619
575643
575655
575665
575692
575710
575718
575732
575743
575753
575767
575774
575799
575816
575833
575857
575876
575893
575908
575920
575944
575988
576014
576031
576052
576069
576080
576103
576115
576149
576159
576171
576208
576218
576225
576256
576282
576297
576323
576348
576373
576391
576417
576439
576449
576472
576483
576497
576521
576585
576595
576605
576616
576629
576653
576666
576683
576701
576736
576762
576776
576792
576803
576823
576836
576846
576853
576898
576943
576958
576972
576986
577016
577033
577049
577056
577074
577080
577085
577098
577120
577134
577156
577167
577178
577184
577191
577207
577227
577246
577263
577293
577306
577316
577335
577356
577387
577402
577413
577430
577447
577459
577476
577504
577518
577542
577551
577568
577593
577609
577624
577646
577653
577665
577713
577764
577781
577792
577811
577838
577853
577873
577902
577918
577936
577940
577958
577972
578003
578018
578027
578040
578049
578065
578094
578112
578159
578179
578193
578209
578221
578248
578265
578277
578324
578352
578367
578417
578426
578483
578511
578529
578569
578577
578591
578606
578620
578646
578660
578698
578707
578723
578747
578762
578778
578798
578838
578861
578889
578921
578937
578985
579005
579022
579033
579051
579067
579083
579098
579115
579126
579145
579157
579180
579197
579209
579236
579246
579262
579278
579296
579311
579339
579353
579363
579377
579388
579427
579448
579453
579466
579480
579501
579527
579577
579596
579608
579612
579628
579641
579649
579661
579677
579696
579710
579730
579753
579771
579788
579801
579809
579815
579849
579856
579873
579924
579943
579972
579990
580019
580028
580050
580058
580076
580093
580105
580114
580125
580136
580150
580172
580197
580214
580225
580236
580242
580256
580293
580306
580324
580364
580376
580397
580408
580420
580434
580445
580458
580474
580492
580578
580585
580605
580629
580639
580656
580670
580681
580729
580760
580774
580786
580799
580815
580836
580865
580870
580875
580893
580902
580917
580953
580964
580987
580999
581013
581021
581043
581064
581081
581098
581108
581118
581134
581148
581164
581174
581185
581198
581209
581230
581237
581274
581288
581296
581319
581338
581349
581365
581371
581382
581405
581428
581440
581450
581462
581475
581487
581492
581533
581556
581566
581581
581595
581603
581614
581627
581634
581645
581674
581699
581712
581724
581742
581762
581821
581835
581850
581868
581880
581898
581910
581925
581965
581970
581987
581999
582010
582052
582066
582087
582117
582129
582161
582170
582176
582194
582204
582225
582247
582266
582292
582303
582312
582339
582350
582361
582374
582407
582419
582430
582479
582489
582506
582521
582535
582591
582614
582651
582678
582689
582703
582750
582755
582767
582778
582790
582800
582816
582830
582847
582859
582879
582895
582905
582919
582929
582946
582962
582981
582996
583011
583024
583038
583058
583076
583095
583110
583129
583152
583194
583208
583239
583249
583265
583277
583297
583310
583317
583379
583397
583420
583443
583480
583493
583521
583532
583554
583576
583580
583595
583609
583625
583638
583670
583690
583700
583710
583740
583750
583764
583797
583810
583814
583824
583853
583872
583886
583898
583919
583946
583960
583981
583994
584025
584042
584064
584080
584095
584104
584111
584134
584139
584170
584204
584217
584230
584244
584263
584273
584287
584299
584313
584320
584337
584357
584378
584388
584399
584411
584424
584439
584456
584468
584473
584506
584528
584541
584549
584579
584598
584612
584654
584667
584681
584710
584722
584735
584755
584785
584797
584812
584831
584844
584885
584893
584909
584926
584933
584944
584962
584986
585017
585050
585060
585083
585097
585112
585148
585187
585204
585219
585235
585252
585272
585290
585302
585324
585335
585356
585369
585370
585380
585397
585413
585431
585468
585473
585490
585505
585524
585537
585553
585568
585575
585592
585598
585609
585629
585637
585648
585689
585708
585719
585731
585759
585773
585787
585801
585824
585860
585867
585876
585893
585914
585951
585987
585999
586032
586051
586058
586066
586098
586114
586131
586134
586147
586159
586168
586185
586200
586214
586229
586245
586256
586269
586279
586294
586315
586333
586356
586383
586408
586419
586449
586461
586501
586541
586577
586587
586627
586635
586650
586663
586677
586687
586724
586733
586749
586758
586773
586813
586833
586839
586848
586861
586901
586910
586918
586924
586986
586996
587010
587022
587053
587066
587079
587096
587108
587121
587135
587151
587162
587200
587212
587236
587269
587313
587338
587345
587404
587416
587431
587441
587456
587473
587487
587499
587509
587518
587533
587565
587578
587619
587630
587641
587659
587672
587688
587713
587722
587760
587771
587786
587792
587808
587821
587836
587847
587872
587891
587910
587917
587929
587953
587991
588012
588021
588038
588052
588085
588093
588126
588136
588154
588162
588181
588196
588209
588214
588225
588239
588251
588265
588283
588295
588296
588317
588329
588346
588367
588397
588403
588429
588475
588485
588517
588541
588554
588565
588577
588594
588614
588640
588650
588670
588676
588734
588742
588764
588772
588781
588791
588820
588837
588861
588870
588896
588906
588915
588933
588952
588961
588973
588989
589021
589031
589046
589051
589058
589067
589074
589115
589127
589158
589170
589179
589209
589219
589233
589269
589327
589341
589351
589355
589369
589373
589408
589419
589432
589459
589465
589492
589507
589512
589524
589541
589573
589584
589598
589611
589669
589677
589713
589725
589743
589762
589776
589818
589827
589860
589877
589887
589896
589935
589948
589988
590032
590048
590062
590075
590084
590096
590114
590130
590147
590158
590167
590185
590189
590201
590210
590222
590232
590245
590253
590268
590280
590286
590304
590323
590353
590374
590392
590401
590410
590420
590426
590435
590461
590466
590482
590495
590511
590520
590532
590543
590564
590583
590628
590648
590656
590677
590693
590704
590714
590762
590777
590798
590809
590829
590838
590840
590890
590905
590924
590968
590977
590992
591000
591024
591123
591137
591153
591183
591237
591265
591278
591288
591296
591313
591328
591333
591344
591362
591379
591425
591447
591462
591475
591479
591491
591499
591514
591541
591547
591557
591571
591585
591604
591612
591620
591636
591646
591660
591668
591679
591691
591698
591719
591732
591753
591760
591764
591774
591777
591786
591820
591832
591848
591881
591894
591943
591953
591967
591981
591995
592005
592018
592022
592037
592046
592050
592067
592077
592094
592112
592159
592165
592188
592204
592219
592244
592268
592283
592291
592324
592329
592341
592355
592390
592397
592408
592424
592436
592454
592460
592478
592497
592524
592530
592573
592584
592594
592600
592605
592627
592660
592671
592682
592690
592727
592734
592763
592780
592819
592833
592847
592854
592877
592885
592894
592910
592920
592931
592977
592986
592994
593008
593039
593046
593051
593121
593128
593135
593145
593169
593187
593201
593205
593226
593238
593246
593260
593264
593285
593302
593344
593358
593372
593387
593430
593436
593447
593461
593469
593480
593493
593509
593523
593540
593572
593583
593606
593623
593636
593667
593698
593714
593721
593735
593741
593747
593763
593809
593817
593832
593846
593876
593891
593904
593913
593951
593960
593973
593986
594006
594016
594033
594050
594064
594095
594116
594128
594141
594146
594195
594207
594242
594253
594283
594302
594314
594323
594364
594373
594393
594410
594444
594445
594459
594470
594475
594499
594511
594526
594532
594540
594569
594578
594589
594598
594651
594662
594672
594735
594742
594772
594792
594800
594820
594828
594843
594854
594861
594877
594884
594892
594902
594913
594921
594937
594947
594958
595008
595031
595073
595089
595093
595123
595135
595156
595171
595189
595201
595238
595262
595279
595299
595313
595370
595380
595396
595413
595437
595498
595516
595557
595568
595586
595595
595600
595610
595619
595632
595665
595674
595681
595712
595720
595754
595763
595791
595799
595804
595832
595855
595867
595873
595885
595893
595920
595935
595960
595977
595986
595993
596025
596057
596068
596077
596087
596102
596113
596124
596132
596140
596154
596206
596224
596240
596252
596265
596277
596296
596308
596317
596357
596367
596375
596452
596464
596472
596488
596498
596504
596507
596527
596549
596571
596575
596588
596614
596658
596668
596678
596685
596690
596699
596710
596727
596734
596768
596857
596871
596888
596921
596929
596973
596991
597049
597066
597078
597117
597121
597135
597162
597175
597305
597322
597335
597343
597360
597381
597447
597456
597469
597500
597507
597517
597526
597540
597550
597585
597595
597597
597609
597628
597641
597663
597691
597700
597718
597734
597759
597773
597780
597796
597848
597862
597901
597951
597985
598008
598025
598051
598064
598073
598107
598115
598127
598136
598147
598164
598185
598201
598205
598214
598224
598235
598243
598247
598279
598291
598299
598303
598322
598333
598365
598375
598413
598421
598434
598443
598455
598495
598504
598511
598522
598530
598556
598572
598623
598685
598702
598731
598750
598776
598788
598804
598830
598851
598864
598876
598882
598897
598906
598909
598935
598943
598952
598962
598970
598995
599007
599020
599029
599042
599056
599070
599096
599111
599115
599147
599163
599187
599200
599218
599248
599272
599288
599321
599339
599374
599395
599403
599411
599449
599460
599472
599480
599502
599587
599601
599615
599631
599643
599661
599689
599704
599717
599729
599740
599748
599761
599768
599780
599794
599809
599815
599843
599851
599855
599868
599879
599902
599913
599931
599940
599971
599992
600003
600021
600033
600060
600110
600123
600148
600161
600223
600228
600255
600261
600301
600342
600359
600398
600405
600437
600520
600527
600532
600630
600639
600677
600694
600706
600717
600749
600770
600784
600808
600822
600826
600836
600874
600877
600912
600924
600937
600975
600976
601013
601022
601054
601074
601090
601100
601112
601131
601137
601148
601153
601167
601203
601239
601262
601272
601305
601316
601324
601334
601363
601372
601380
601393
601401
601411
601440
601449
601459
601477
601507
601553
601562
601570
601591
601630
601654
601661
601687
601716
601743
601762
601799
601808
601819
601826
601834
601862
601878
601889
601914
601919
601952
601958
601972
601987
602007
602032
602044
602148
602174
602182
602211
602224
602233
602243
602253
602277
602280
602288
602335
602352
602366
602500
602514
602535
602548
602576
602606
602619
602645
602670
602683
602709
602721
602728
602737
602753
602761
602766
602788
602829
602858
602863
602872
602910
602956
602978
602988
603036
603038
603073
603079
603096
603099
603108
603125
603154
603161
603191
603197
603226
603237
603256
603266
603292
603308
603329
603373
603416
603432
603448
603477
603556
603576
603582
603590
603631
603645
603658
603679
603688
603721
603729
603743
603800
603821
603881
603887
603892
603896
603940
603948
603976
603998
604024
604042
604051
604062
604091
604103
604139
604151
604162
604171
604178
604217
604224
604233
604243
604253
604264
604283
604327
604340
604383
604424
604498
604528
604559
604669
604696
604701
604713
604735
604758
604770
604803
604813
604823
604865
604884
604890
604897
604909
604917
604925
604946
604949
604953
604995
605020
605088
605122
605149
605166
605181
605190
605224
605252
605275
605296
605305
605315
605343
605355
605366
605372
605400
605408
605420
605438
605452
605464
605493
605524
605555
605599
605609
605620
605626
605678
605698
605727
605734
605742
605769
605782
605785
605817
605823
605831
605847
605872
605882
605898
605920
605929
605957
605963
605967
605995
606011
606017
606023
606055
606064
606071
606091
606098
606103
606140
606166
606182
606196
606231
606243
606260
606271
606277
606286
606302
606383
606391
606435
606466
606474
606492
606503
606513
606526
606573
606626
606632
606645
606670
606679
606707
606729
606755
606762
606785
606798
606809
606850
606889
606917
606936
606942
607007
607039
607042
607053
607066
607075
607125
607160
607220
607271
607309
607370
607424
607436
607447
607456
607471
607481
607515
607524
607536
607586
607592
607601
607615
607627
607664
607670
607786
607791
607830
607863
607875
607890
607898
607912
607944
607951
607984
608007
608016
608075
608082
608095
608134
608159
608169
608181
608197
608209
608266
608274
608283
608296
608310
608334
608348
608353
608396
608424
608493
608517
608545
608559
608595
608638
608686
608693
608815
608833
608865
608879
608949
608994
609005
609029
609036
609066
609072
609095
609101
609137
609172
609188
609197
609202
609212
609221
609245
609254
609270
609279
609286
609304
609397
609437
609452
609462
609480
609496
609531
609574
609583
609602
609722
609746
609758
609765
609851
609860
609878
609965
609986
609999
610007
610063
610070
610084
610089
610098
610118
610185
610196
610208
610216
610221
610230
610245
610259
610357
610385
610395
610404
610427
610439
610442
610480
610496
610504
610541
610554
610606
610695
610733
610738
610747
610759
610774
610789
610836
610894
610909
610918
610962
611031
611036
611055
611064
611151
611186
611199
611252
611256
611270
611281
611302
611310
611315
611363
611368
611399
611425
611439
611444
611465
611488
611508
611513
611533
611545
611563
611572
611580
611605
611625
611683
611690
611710
611714
611733
611751
611792
611859
611899
611918
611947
611964
611982
611996
612026
612038
612050
612054
612086
612129
612136
612156
612162
612255
612261
612267
612311
612331
612334
612338
612347
612357
612384
612443
612465
612524
612534
612543
612555
612564
612577
612590
612596
612649
612695
612714
612727
612780
612787
612789
612798
612803
612823
612834
612851
612860
612868
612932
612974
612994
613000
613012
613029
613077
613096
613130
613138
613148
613164
613173
613189
613208
613250
613266
613271
613280
613319
613338
613350
613386
613422
613448
613493
613551
613567
613598
613643
613660
613692
613748
613779
613788
613792
613848
613856
613977
614000
614009
614014
614020
614066
614158
614182
614193
614197
614216
614249
614309
614317
614362
614370
614429
614463
614512
614520
614576
614619
614644
614663
614671
614684
614734
614849
614879
614885
614895
614924
614975
614993
615007
615098
615126
615133
615164
615182
615222
615231
615246
615258
615282
615289
615350
615369
615377
615423
615463
615467
615492
615518
615552
615592
615652
615673
615698
615762
615766
615793
615825
615868
615939
615961
615983
616007
616009
616042
616047
616064
616075
616089
616110
616173
616179
616191
616201
616239
616286
616340
616370
616401
616409
616494
616628
616636
616698
616702
616783
616789
616810
616955
616966
617023
617066
617106
617114
617134
617181
617206
617282
617291
617334
617343
617442
617492
617514
617547
617598
617620
617630
617661
617666
617691
617698
617749
617793
617825
617863
617874
618142
618186
618251
618271
618408
618428
618432
618437
618473
618489
618496
618504
618546
618597
618699
618780
618833
618886
618900
618904
618910
618982
619027
619041
619048
619092
619110
619134
619164
619229
619241
619285
619292
619317
619340
619359
619368
619378
619579
619786
619801
619826
619855
619867
620165
620181
620191
620196
620226
620233
620305
620337
620412
620472
620476
620484
620562
620656
620694
620699
620740
620795
620803
620820
620856
620916
620926
621027
621047
621122
621131
621178
621239
621244
621259
621274
621300
621312
621332
621344
621361
621370
621479
621486
621675
621682
621748
621768
621820
621860
621903
621927
621974
622046
622110
622142
622407
622432
622448
622476
622488
622494
622516
622520
622526
622533
622553
622560
622578
622603
622665
622684
622752
622795
622864
622938
622950
622970
623133
623149
623233
623264
623269
623290
623292
623328
623331
623458
623493
623579
623613
623687
623698
623741
623780
623799
623837
623842
623845
623896
623916
623939
623971
623975
623989
624000
624067
624125
624141
624185
624189
624305
624331
624409
624479
624490
624497
624532
624568
624602
624676
624728
624743
624819
624938
625009
625048
625059
625142
625214
625250
625281
625327
625439
625588
625612
625704
625719
625759
625801
625833
625862
625943
625949
625950
626010
626093
626120
626345
626383
626437
626475
626545
626552
626573
626585
626620
626711
626717
626739
626753
626757
626872
626880
626904
626950
627057
627071
627075
627099
627135
627147
627157
627203
627210
627275
627406
627411
627416
627492
627498
627502
627549
627554
627609
627626
627632
627709
627851
627877
627909
627910
627928
627931
627987
628042
628047
628094
628122
628244
628279
628291
628377
628416
628437
628467
628474
628532
628604
628638
628768
628868
628899
628956
628959
629166
629208
629233
629409
629448
629477
629511
629637
629643
629679
629773
629816
629833
629946
630059
630196
630245
630248
630251
630410
630483
630500
630532
630811
630813
630837
630876
630891
630938
630986
631028
631045
631104
631127
631278
631337
631552
631625
631737
631795
631929
632020
632028
632055
632168
632239
632350
632447
632460
632533
632588
632658
632662
632690
632799
632941
632971
632992
633074
633090
633114
633163
633274
633294
633367
633423
633631
633744
633774
633920
633968
634083
634086
634499
634525
634529
634532
634550
634699
634831
634882
634977
635004
635034
635040
635203
635212
635277
635371
635854
635958
636028
636159
636221
636235
636407
636698
636705
636761
636805
636832
636879
636909
637054
637217
637284
637289
637462
637560
637717
638050
638185
638188
638330
638381
638878
638977
639090
639343
639423
639660
639700
639825
639867
639996
640126
640252
640273
640614
640669
640714
641147
641275
641281
641380
641424
641537
641751
642159
642270
642323
642651
642662
642726
642830
643002
643289
643303
643321
643348
643409
643577
643665
643834
644126
644182
644201
644213
644304
644351
644366
644651
644679
644795
644862
645068
645071
645072
645236
645454
645705
645925
646055
646159
646418
647052
647421
647527
647572
647583
647773
648049
648153
648324
648428
648584
648706
648837
648921
649231
649263
649467
649511
649844
650026
650067
650100
650104
650499
650758
651121
651285
651538
651644
652324
652507
653224
653259
653454
653781
653873
654208
654714
654971
655059
655519
655720
655759
656555
656586
657667
658418
658789
659172
659783
659865
660996
661427
661662
661816
662726
662971
663583
664639
665020
666426
666746
667307
667344
667804
669844
671050
671547
671951
672577
672578
673841
674384
676034
677309
679293
679372
679698
680840
681313
682338
683974
684010
684204
684507
686397
689577
690194
691036
691965
696010
697798
704187
719337
727485
738596
752194
