544976
545037
545050
545070
545101
545136
545154
545179
545214
545249
545265
545301
545323
545346
545377
545399
545413
545434
545502
545536
545571
545589
545612
545630
545657
545664
545690
545733
545758
545770
545804
545821
545832
545856
545874
545886
545918
545936
545955
545986
546018
546047
546070
546144
546171
546186
546235
546260
546288
546305
546316
546337
546361
546374
546394
546426
546452
546464
546483
546510
546535
546567
546586
546597
546636
546653
546709
546735
546758
546778
546811
546846
546873
546885
546927
546944
546958
546982
546989
547017
547034
547038
547056
547081
547107
547126
547193
547211
547232
547250
547271
547290
547304
547375
547399
547427
547443
547470
547493
547512
547527
547546
547569
547596
547632
547655
547671
547691
547714
547767
547788
547815
547830
547848
547872
547892
547907
547924
547956
547984
547998
548053
548058
548088
548113
548129
548153
548208
548223
548246
548267
548305
548321
548343
548369
548403
548446
548458
548488
548501
548520
548531
548572
548590
548609
548631
548662
548675
548688
548719
548735
548756
548783
548801
548808
548836
548855
548864
548883
548910
548971
548993
549006
549041
549066
549085
549108
549215
549236
549262
549281
549311
549340
549349
549364
549388
549407
549424
549434
549467
549493
549512
549534
549560
549583
549611
549641
549666
549697
549760
549780
549796
549819
549846
549879
549897
549920
549937
549956
549983
550016
550044
550071
550102
550124
550145
550211
550229
550248
550264
550281
550305
550319
550382
550400
550419
550450
550484
550510
550537
550562
550580
550596
550654
550679
550735
550746
550757
550768
550798
550818
550836
550852
550858
550878
550898
550925
550949
550967
550985
551001
551019
551032
551061
551091
551108
551168
551181
551194
551208
551235
551262
551293
551318
551333
551363
551383
551414
551438
551455
551478
551506
551570
551589
551607
551635
551664
551676
551694
551727
551748
551774
551799
551854
551876
551919
551950
551981
552016
552073
552100
552112
552144
552166
552183
552203
552250
552272
552281
552296
552312
552338
552367
552377
552392
552408
552431
552469
552488
552509
552541
552553
552582
552596
552606
552628
552643
552677
552700
552724
552746
552765
552776
552798
552823
552840
552862
552925
552950
552953
552985
552996
553024
553043
553069
553089
553111
553133
553143
553175
553193
553214
553235
553250
553272
553301
553327
553354
553380
553407
553444
553466
553492
553511
553529
553545
553572
553581
553590
553604
553630
553664
553681
553700
553708
553725
553741
553774
553798
553824
553869
553882
553906
553917
553932
553954
553973
553994
554014
554028
554058
554080
554105
554116
554131
554161
554189
554210
554233
554260
554289
554315
554361
554389
554403
554419
554441
554462
554492
554528
554549
554580
554601
554610
554623
554650
554672
554687
554698
554728
554748
554768
554795
554816
554826
554873
554891
554925
554954
554976
554986
555014
555033
555051
555068
555077
555091
555106
555113
555132
555161
555177
555202
555210
555252
555292
555319
555347
555382
555414
555445
555463
555488
555517
555562
555591
555614
555635
555650
555695
555713
555734
555754
555776
555802
555859
555875
555906
555921
555940
555967
555981
555998
556016
556052
556074
556091
556103
556140
556157
556183
556206
556215
556230
556247
556250
556292
556307
556328
556347
556362
556383
556407
556421
556431
556458
556481
556505
556528
556548
556552
556571
556591
556618
556642
556668
556683
556705
556715
556736
556749
556784
556795
556821
556845
556869
556901
556921
556948
556962
556980
557018
557070
557080
557098
557127
557139
557154
557180
557201
557213
557236
557252
557269
557291
557314
557335
557388
557414
557434
557455
557488
557500
557520
557560
557606
557627
557637
557657
557675
557692
557730
557749
557761
557768
557786
557804
557822
557864
557878
557900
557923
557943
557964
557979
558003
558021
558045
558069
558084
558139
558164
558183
558207
558231
558247
558276
558305
558321
558344
558384
558402
558418
558473
558487
558519
558537
558550
558583
558600
558624
558642
558656
558679
558703
558726
558753
558761
558782
558800
558809
558839
558864
558876
558919
558938
558955
558970
558988
559011
559031
559054
559092
559115
559142
559158
559208
559263
559290
559315
559335
559401
559419
559475
559499
559510
559536
559548
559556
559574
559636
559654
559664
559677
559695
559710
559737
559752
559782
559800
559837
559866
559887
559901
559917
559945
559963
559993
560021
560034
560072
560103
560119
560137
560164
560188
560213
560241
560268
560277
560291
560301
560316
560344
560367
560392
560404
560426
560437
560471
560495
560527
560547
560576
560594
560627
560641
560668
560692
560713
560743
560782
560800
560803
560827
560858
560874
560895
560919
560928
560948
560967
560985
560997
561014
561041
561065
561104
561123
561157
561176
561204
561234
561246
561258
561331
561358
561366
561381
561429
561448
561470
561492
561508
561525
561543
561556
561577
561601
561631
561654
561675
561689
561723
561729
561746
561758
561782
561800
561826
561846
561865
561897
561925
561936
561961
561983
561992
562018
562024
562043
562053
562066
562088
562109
562176
562199
562211
562221
562233
562266
562310
562333
562344
562361
562385
562410
562417
562432
562455
562481
562515
562544
562569
562589
562629
562647
562669
562683
562729
562798
562883
562905
562913
562940
562968
563004
563020
563039
563082
563107
563126
563151
563171
563187
563206
563216
563234
563241
563276
563315
563382
563400
563417
563467
563491
563504
563519
563537
563555
563572
563598
563648
563655
563662
563683
563712
563727
563760
563783
563821
563859
563872
563877
563892
563926
563950
563962
563982
563994
564003
564018
564048
564064
564112
564123
564144
564164
564179
564197
564252
564271
564289
564348
564368
564407
564423
564434
564453
564474
564512
564523
564545
564567
564612
564623
564648
564670
564687
564713
564732
564777
564817
564843
564859
564871
564882
564892
564914
564935
564947
564989
565005
565026
565075
565094
565110
565135
565159
565178
565193
565200
565213
565260
565283
565307
565316
565330
565344
565365
565376
565389
565410
565432
565475
565493
565539
565557
565581
565602
565629
565642
565654
565675
565684
565704
565806
565824
565853
565868
565881
565913
565928
565942
565955
565967
565997
566008
566025
566043
566057
566076
566080
566096
566121
566142
566160
566175
566189
566214
566228
566241
566264
566278
566283
566304
566318
566334
566348
566377
566397
566427
566447
566488
566506
566517
566530
566543
566559
566578
566590
566607
566625
566640
566689
566704
566715
566733
566749
566768
566822
566848
566857
566876
566892
566904
566945
566962
566995
567005
567020
567035
567060
567085
567100
567124
567131
567146
567158
567178
567191
567201
567212
567240
567259
567274
567299
567314
567326
567342
567351
567369
567381
567406
567416
567435
567456
567477
567495
567517
567541
567567
567578
567594
567613
567642
567657
567667
567687
567697
567713
567730
567750
567764
567774
567818
567832
567839
567845
567869
567941
567956
568001
568032
568052
568064
568093
568118
568129
568138
568161
568194
568236
568250
568278
568300
568320
568335
568362
568414
568437
568480
568506
568518
568534
568546
568559
568595
568650
568666
568685
568693
568702
568722
568736
568753
568762
568777
568794
568825
568841
568862
568873
568883
568920
568936
569000
569019
569034
569045
569063
569078
569089
569149
569163
569175
569197
569253
569277
569290
569305
569332
569388
569407
569459
569468
569483
569504
569539
569558
569580
569628
569654
569679
569698
569742
569756
569770
569780
569827
569838
569864
569940
569953
569986
570007
570014
570070
570082
570104
570115
570184
570199
570220
570241
570255
570261
570304
570320
570340
570357
570386
570401
570421
570456
570468
570521
570540
570560
570572
570590
570604
570622
570639
570645
570664
570691
570710
570720
570736
570752
570771
570792
570813
570856
570875
570894
570943