17185
31342
41582
52618
60731
69507
76086
83280
88663
96500
102683
108012
114388
118679
121863
125027
128393
131047
134847
137885
140721
143884
146176
149169
152031
154493
156809
158847
161162
163675
165727
168390
170540
172649
175238
177719
179886
181983
184828
186927
188859
191079
192898
194946
197108
199321
200803
202634
204234
206226
207473
208781
210763
212836
214452
216016
217485
219032
220557
222267
223896
225155
226194
227574
228680
230235
231706
233214
234514
235692
236756
237941
239245
239993
241153
242214
243186
244318
245134
246232
247348
248157
249164
250390
251299
252245
252995
254112
254925
255614
256507
257302
258263
259114
260014
260862
261959
262659
263557
264412
265267
265926
266559
267323
268295
268908
269440
270079
270963
271729
272322
273141
273994
274790
275531
276219
277020
277687
278302
278854
279707
280454
281072
281700
282377
283011
283637
284316
284948
285479
286066
286695
287335
288014
288743
289426
289945
290643
291113
291888
292355
292921
293439
294047
294510
295077
295674
296302
296787
297210
297712
298206
298892
299429
299935
300568
301127
301746
302165
302773
303362
303710
304201
304726
305083
305653
306058
306516
306945
307438
308060
308598
309045
309428
309951
310509
310985
311302
311882
312412
312891
313402
313954
314365
314770
315140
315519
316029
316354
316855
317311
317711
318210
318633
319144
319643
320012
320433
320734
321204
321674
322160
322581
322979
323455
323851
324127
324572
324997
325335
325808
326217
326652
327112
327405
327822
328251
328677
329105
329515
329849
330208
330553
330955
331293
331701
332068
332389
332812
333258
333672
334028
334350
334727
335078
335486
335927
336276
336516
336796
337048
337444
337843
338148
338458
338817
339181
339547
339862
340106
340355
340585
340976
341356
341683
342047
342343
342689
343039
343429
343638
343988
344300
344593
344987
345250
345456
345812
346075
346420
346748
346976
347237
347508
347785
348038
348334
348593
348894
349135
349414
349624
349897
350183
350486
350843
351071
351452
351779
352061
352359
352578
352816
353167
353423
353729
353973
354239
354483
354727
354986
355232
355537
355911
356176
356415
356678
356906
357235
357465
357765
358016
358273
358582
358886
359086
359334
359639
359811
360087
360294
360509
360750
360916
361189
361418
361752
362042
362370
362551
362780
363104
363315
363524
363736
363981
364263
364479
364807
365010
365263
365493
365743
366034
366338
366565
366792
367139
367456
367688
367929
368170
368436
368697
368884
369152
369366
369545
369789
370003
370190
370529
370781
371013
371259
371471
371704
371859
372175
372343
372568
372778
373050
373291
373510
373699
373951
374228
374379
374593
374789
375020
375236
375401
375639
375909
376132
376356
376544
376738
376963
377212
377398
377539
377804
378115
378298
378526
378745
378943
379147
379320
379540
379732
379949
380119
380276
380475
380751
380934
381147
381392
381608
381831
382059
382256
382483
382684
382921
383118
383307
383506
383723
383945
384103
384355
384534
384705
384914
385115
385350
385582
385798
386003
386247
386429
386612
386827
387067
387236
387438
387590
387726
387936
388115
388249
388428
388615
388818
389056
389156
389345
389511
389704
389917
390127
390305
390465
390724
390859
391081
391260
391447
391681
391869
392097
392253
392368
392585
392725
392852
392961
393117
393336
393546
393731
393888
394069
394241
394439
394600
394719
394850
394986
395153
395338
395533
395735
395882
396073
396266
396462
396640
396851
397063
397260
397418
397568
397682
397866
398110
398282
398405
398549
398685
398913
399101
399267
399391
399520
399679
399844
399969
400089
400266
400426
400547
400694
400846
401062
401192
401328
401535
401670
401859
402017
402118
402293
402483
402635
402769
402979
403110
403261
403388
403506
403624
403787
403910
404093
404216
404319
404501
404644
404769
404888
405000
405133
405295
405460
405568
405745
405882
406136
406256
406380
406495
406698
406878
407020
407204
407320
407472
407606
407822
407926
408076
408224
408393
408497
408647
408764
408935
409086
409226
409358
409475
409645
409761
409883
409986
410140
410303
410456
410567
410700
410887
411034
411154
411321
411452
411637
411783
411949
412079
412199
412332
412442
412591
412743