488841
488906
488945
488990
489016
489054
489100
489162
489230
489273
489314
489356
489417
489462
489501
489550
489593
489618
489666
489703
489752
489812
489863
489901
489953
489990
490053
490109
490130
490172
490195
490238
490280
490342
490418
490475
490533
490577
490617
490661
490711
490768
490806
490842
490867
490921
490986
491026
491066
491089
491145
491189
491225
491282
491316
491354
491403
491471
491520
491581
491614
491650
491735
491761
491801
491872
491901
491931
491980
492023
492092
492125
492178
492223
492285
492326
492352
492392
492425
492462
492493
492528
492565
492614
492666
492710
492755
492808
492825
492845
492889
492947
492989
493034
493085
493141
493183
493230
493266
493314
493380
493437
493491
493517
493575
493633
493658
493702
493751
493796
493859
493920
493964
494009
494036
494091
494131
494178
494232
494273
494326
494377
494423
494487
494526
494578
494622
494667
494721
494771
494807
494846
494928
494991
495043
495073
495113
495177
495214
495261
495297
495331
495389
495442
495471
495515
495540
495589
495654
495719
495772
495803
495854
495882
495934
495980
496019
496056
496113
496132
496167
496212
496244
496292
496326
496369
496436
496474
496515
496545
496596
496646
496713
496757
496805
496845
496906
496938
496990
497032
497088
497138
497176
497220
497258
497299
497351
497380
497409
497450
497498
497529
497548
497585
497617
497646
497683
497712
497754
497800
497838
497879
497926
497964
498011
498031
498067
498118
498171
498203
498248
498297
498335
498389
498415
498462
498520
498576
498622
498677
498710
498768
498803
498854
498879
498923
498958
498984
499025
499055
499113
499130
499161
499195
499223
499270
499320
499357
499383
499436
499463
499487
499522
499574
499609
499636
499679
499716
499758
499810
499852
499897
499960
499996
500035
500086
500114
500148
500188
500239
500268
500294
500330
500366
500398
500448
500494
500532
500575
500632
500665
500725
500766
500833
500867
500922
500959
501007
501066
501112
501156
501186
501215
501244
501292
501324
501368
501430
501464
501526
501561
501604
501628
501658
501685
501720
501761
501795
501859
501903
501949
501991
502043
502087
502121
502168
502209
502232
502279
502312
502347
502380
502427
502461
502503
502521
502560
502595
502619
502648
502685
502730
502767
502796
502847
502881
502919
502956
502976
503033
503091
503114
503137
503194
503289
503322
503364
503393
503432
503467
503503
503530
503582
503636
503664
503706
503750
503778
503826
503880
503916
503951
504000
504030
504065
504093
504142
504177
504227
504295
504350
504383
504426
504488
504549
504593
504650
504691
504730
504757
504785
504837
504863
504912
504954
504994
505030
505067
505106
505164
505211
505253
505333
505379
505455
505481
505530
505572
505616
505642
505752
505793
505831
505860
505892
505928
505967
506022
506063
506106
506138
506174
506207
506244
506279
506313
506356
506393
506409
506435
506481
506526
506566
506609
506653
506719
506753
506782
506823
506877
506903
506943
506992
507025
507070
507096
507130
507157
507200
507256
507299
507327
507361
507397
507516
507556
507587
507624
507666
507701
507742
507775
507807
507865
507900
507933
507965
507984
508020
508058
508114
508156
508188
508239
508263
508294
508327
508360
508386
508433
508463
508523
508564
508596
508627
508677
508709
508748
508795
508824
508854
508888
508955
508985
509018
509042
509079
509103
509131
509167
509196
509256
509301
509363
509402
509446
509468
509491
509521
509561
509608
509646
509689
509728
509766
509805
509857
509903
509922
509994
510014
510059
510085
510122
510161
510206
510245
510299
510323
510362
510390
510430
510458
510495
510533
510567
510594
510631
510680
510728
510751
510778
510806
510836
510861
510882
510912
510944
511005
511021
511059
511095
511127
511175
511195
511214
511252
511274
511298
511327
511362
511401
511443
511501
511542
511576
511600
511638
511687
511714
511748
511787
511826
511858
511875
511905
511944
511980
512014
512049
512067
512125
512154
512170
512201
512247
512306
512330
512366
512414
512459
512494
512531
512569
512600
512683
512707
512755
512799
512842
512870
512906
512934
512948
512981
513009
513026
513052
513094
513137
513160
513186
513220
513262
513298
513322
513371
513402
513437
513468
513504
513534
513598
513624
513646
513677
513718
513732
513760
513789
513820
513861
513925
513954
513986
514017
514047
514093
514127
514149
514178
514205
514249
514295
514333
514361
514389
514437
514475
514500
514538
514587
514637
514671
514699
514737
514770
514808
514850
514885
514917
514961
514988
515019
515058
515097
515133
515177
515207
515252
515265
515286
515318
515332
515384
515410
515437
515473
515504
515543
515570
515620
515648
515684
515718
515751
515772
515794
515821
515860
515887
515909
515936
515981
516011
516034
516068
516104
516129
516161
516175
516188
516225
516256
516303
516333
516377
516398
516416
516465
516502
516530
516572
516606
516638
516686
516703
516737
516768
516793
516819
516854
516889
516909
516941
516966
517008
517040
517106
517137
517199
517234
517290
517336
517366
517382
517424
517461
517503
517535
517561
517644
517681
517714
517751
517772
517812
517858
517881
517908
517938
517977
518008
518056
518077
518111
518148
518197
518236
518272
518299
518340
518369
518390
518430
518460
518479
518522
518557