52618
60731
69507
76086
83280
88663
96500
102683
108012
114388
118679
121863
125027
128393
131047
137885
140721
143884
146176
152031
154493
156809
161162
163675
165727
168390
170540
172649
175238
177719
181983
186927
188859
191079
192898
194946
197108
199321
200803
202634
204234
206226
207473
208781
210763
212836
214452
216016
217485
219032
220557
222267
223896
225155
227574
228680
230235
231706
233214
234514
235692
236756
237941
239245
239993
241153
242214
243186
245134
246232
247348
248157
249164
250390
251299
252245
252995
254112
254925
255614
256507
257302
258263
259114
260014
260862
261959
263557
264412
265267
265926
266559
267323
268295
268908
269440
270079
270963
271729
272322
273141
273994
274790
275531
276219
277020
277687
278302
278854
279707
280454
281072
281700
282377
283011
283637
284316
284948
285479
286066
286695
287335
288014
288743
289426
289945
290643
291113
291888
292355
292921
293439
294047
295077
295674
296302
296787
297210
297712
298206
298892
299429
299935
300568
301127
301746
302165
302773
303362
303710
304201
304726
305083
305653
306058
306516
306945
307438
308060
308598
309045
309428
309951
310509
310985
311302
311882
312412
312891
313402
313954
314365
314770
315519
316029
316354
316855
317311
317711
318210
318633
319144
319643
320012
320433
320734
321204
321674
322160
322581
322979
323455
323851
324127
324572
324997
325335
325808
326217
326652
327112
327405
327822
328251
328677
329105
329515
329849
330208
330553
330955
331293
331701
332068
332389
332812
333258
333672
334028
334350
334727
335078
335486
335927
336276
336516
336796
337048
337444
337843
338148
338458
338817
339181
339547
339862
340106
340355
340585
340976
341356
341683
342047
342343
342689
343039
343429
343638
343988
344300
344593
344987
345250
345456
345812
346075
346420
346748
346976
347237
347508
347785
348038
348334
348593
348894
349135
349414
349624
349897
350183
350486
350843
351071
351452
351779
352061
352359
352578
352816
353167
353423
353729
353973
354239
354483
354727
354986
355232
355537
355911
356176
356415
356678
356906
357235
357465
357765
358016
358273
358582
358886
359086
359334
359639
359811
360087
360294
360509
360750
360916
361189
361418
361752
362042
362370
362551
362780
363104
363315
363524
363736
363981
364263
364479
364807
365010
365263
365493
365743
366034
366338
366565
366792
367139
367456
367688
368170
368436
368697
368884
369152
369366
369545
369789
370003
370190
370529
370781
371013
371259
371471
371704
371859
372175
372343
372568
372778
373050
373291
373510
373699
373951
374228
374379
374593
374789
375020
375236
375401
375639
375909
376132
376356
376544
376738
376963
377212
377398
377539
377804
378115
378298
378526
378943
379147
379320
379540
379732
379949
380119
380276
380475
380751
380934
381147
381392
381608
381831
382059
382256
382483
382684
382921
383307
383506
383723
383945
384103
384355
384534
384705
384914
385115
385350
385582
385798
386003
386247
386429
386612
386827
387067
387236
387438
387590
387726
387936
388115
388249
388428
388615
388818
389056
389156
389345
389511
389704
389917
390127
390305
390465
390724
390859
391081
391260
391447
391681
391869
392097
392253
392368
392585
392725
392852
392961
393117
393336
393546
393731
393888
394069
394241
394439
394600
394719
394850
394986
395153
395338
395533
395735
395882
396073
396266
396462
396640
396851
397063
397260
397418
397568
397682
397866
398110
398282
398405
398549
398685
398913
399101
399267
399391
399520
399679
399844
399969
400089
400266
400426
400694
400846
401062
401192
401328
401535
401670
401859
402017
402118
402293
402483
402635
402769
402979
403110
403261
403388
403506
403624
403787
403910
404093
404216
404319
404501
404644
404769
404888
405000
405133
405295
405460
405568
405745
405882
406380
406495
406698
406878
407020
407204
407320
407472
407606
407822
407926
408224
408393
408497
408647
408764
408935
409086
409358
409475
409645
409761
409883
409986
410140
410303
410456
410567
410700
411034
411154
411321
411452
411637
411783
411949
412079
412199
412442
412591
412743
412911
413091
413194
413463
413608
413747
413928
414050
414146
414277
414447
414549
414651
414759
414990
415113
415211
415373
415628
415823
415972
416112
416258
416399
416522
416627
416752
416897
417032
417122
417411
417581
417717
417793
417939
418230
418325
418452
418576
418770
418911
419203
419301
419428
419575
419749
419909
420059
420172
420550
420658
420815
420924
421031
421134
421312
421450
421568
421711
421835
421956
422109
422231
422426
422551
422662
422831
423013
423110
423282
423387
423527
423657
423804
424043
424152
424362
424485
424571
424725
424803
424910
424986
425061
425185
425337
425605
425836
425940
426086
426242
426483
426575
426665
426764
426902
426984
427114
427215
427314
427419
427532
427607
427745
427829
427957
428158
428289
428431
428537
428616
428715
428813
428927
429041
429127
429237
429314
429435
429556
429678
429758
429862
429989
430070
430394
430589
430683
430850
430972
431106
431201
431282
431390
431536
431635
431751
431868
431986
432130
432254
432379
432485
432711
432831
432927
433038
433111
433217
433537
433656
433813
433936
434026
434152
434410
434541
434681
434787
434938
435020
435126
435223
435309
435417
435547
435685
435782
435868
436003
436127
436233
436349
436458
436551
436642
436797
436917
436991
437121
437239
437314
437408
437507
437645
437749
437822
437945
438038
438167
438368
438453
438568
438669
438890
438996
439201
439283
439392
439468
439518
439732
439827
439922
440024
440144
440193
440289
440377
440477
440568
440642
440726
440827
440923
441036
441141
441397
441494
441574
441667
441763
441857
441939
442084
442154
442227
442299
442350
442439
442532
442637
442761
442855
442979
443097
443175
443249
443356
443421
443498
443587
443683
443746
443801
443914
444184
444340
444545
444631
444728
444929
444997
445092
445185
445271
445342
445420
445515
445658
445753
445878
445939
446011
446112
446172
446253
446330
446548
446682
446786
446937
447042
447153
447236
447350
447433
447532
447606
447695
447767
447886
448021
448111
448196
448269
448371
448447
448525
448642
448840
448928
449034
449099
449201
449267
449361
449465
449549
449651
449733
449846
449972
450046
450126
450177
450265
450337
450420
450493
450593
450683
450767
450849
450920
451005
451090
451179
451243
451323
451503
451693
451807
451860
451961
452045
452112
452185
452279
452357
452395
452500
452577
452651
452737
452839
452895
452955
453019
453134
453231
453393
453450
453526
453609
453713
453753
453835
454074
454151
454247
454306
454376
454539
454633
454729
454898
454963
455109
455258
455413
455479
455551
455637
455730
455857
455957
456014
456114
456234
456283
456381
456456
456538
456634
456725
456786
456872
456921
457000
457169
457227
457296
457361
457452
457514
457604
457781
457871
457931
458028
458174
458231
458302
458378
458447
458509
458604
458658
458784
458864
458945
459020
459169
459243
459270
459360
459394
459517
459576
459665
459730
459786
459906
459959
460008
460076
460117
460193
460273
460351
460434
460526
460595
460692
460746
460823
460888
460939
461038
461136
461202
461364
461450
461709
461864
461929
462010
462077
462141
462189
462241
462391
462564
462631
462690
462904
463139
463233
463278
463340
463395
463453
463521
463597
463649
463750
463804
463958
464018
464110
464182
464247
464292
464422
464539
464669
464742
464788
464894
464936
465016
465080
465136
465205
465284
465320
465361
465412
465495
465548
465614
465693
466003
466055
466133
466182
466332
466387
466436
466493
466694
466746
466801
466894
466958
467011
467052
467127
467256
467308
467385
467445
467519
467575
467700
467740
467798
467919
467958
468006
468064
468110
468168
468251
468318
468450
468623
468695
468817
468921
469060
469102
469147
469265
469315
469377
469438
469464
469502
469539
469589
469657
469705
469740
469803
469879
469930
469967
470134
470178
470252
470420
470493
470548
470679
470808
470884
471109
471219
471420
471468
471591
471801
471857
472104
472174
472218
472362
472418
472499
472550
472641
472747
473004
473055
473125
473166
473207
473287
473349
473563
473641
473676
473815
473858
473898
473957
474061
474127
474170
474204
474231
474320
474377
474437
474505
474623
474757
474860
474918
475098
475171
475293
475354
475490
475542
475603
475656
475722
475781
475865
475956
476118
476172
476232
476295
476417
476487
476527
476557
476624
476820
476892
477031
477089
477119
477227
477378
477419
477474
477518
477624
477875
477919
478037
478092
478160
478247
478298
478410
478452
478496
478535
478604
478661
478759
478927
479002
479056
479174
479221
479314
479372
479411
479560
479628
479798
479839
479884
479917
480151
480194
480345
480391
480550
480587
480645
480750
480803
480879
480931
480989
481036
481064
481126
481254
481347
481597
481653
481724
481804
481855
481894
481947
482006
482054
482117
482169
482196
482257
482368
482533
482589
482674
482714
482757
482814
482869
482987
483033
483068
483179
483214
483269
483421
483484
483521
483693
483749
483812
483868
483900
484045
484113
484207
484257
484307
484336
484427
484608
484715
484818
484852
484905
484944
485017
485095
485146
485233
485283
485326
485365
485394
485441
485485
485654
485747
485833
485951
486009
486052
486124
486186
486281
486341
486384
486463
486632
486742
486828
486875
486966
487000
487042
487072
487099
487152
487191
487327
487363
487496
487530
487606
487698
487817
487965
487993
488062
488228
488282
488415
488537
488591
488722
488841
488906
488945
488990
489016
489162
489273
489314
489417
489462
489550
489593
489618
489812
489901
489953
490109
490130
490172
490195
490238
490342
490475
490533
490577
490617
490661
490711
490806
490867
490921
490986
491026
491066
491089
491189
491225
491282
491316
491354
491403
491471
491520
491581
491614
491650
491735
491801
491872
491901
491931
491980
492023
492092
492125
492178
492285
492326
492352
492392
492462
492493
492528
492614
492666
492710
492755
492808
492889
492947
493034
493183
493230
493314
493437
493491
493517
493575
493658
493702
493751
493796
493859
493920
493964
494009
494131
494232
494273
494326
494377
494423
494487
494526
494578
494622
494667
494807
494846
495043
495177
495297
495389
495442
495471
495540
495589
495654
495772
495854
495934
496019
496113
496132
496167
496212
496244
496292
496326
496369
496436
496515
496545
496596
496646
496713
496757
496805
496845
497088
497138
497220
497450
497529
497548
497585
497617
497800
497838
497879
497926
497964
498031
498171
498203
498297
498335
498803
498879
498923
498958
498984
499025
499055
499113
499161
499195
499357
499463
499487
499522
499574
499636
499852
500086
500239
500268
500398
500448
500494
500725
501066
501112
501156
501186
501244
501292
501368
501430
501526
501561
501604
501685
501720
501859
501949
501991
502168
502209
502347
502427
502461
502560
502619
502767
502847
502881
502956
503033
503114
503137
503289
503322
503393
503432
503636
503750
503778
503951
504000
504030
504065
504142
504227
504295
504426
504549
504730
505106
505211
505253
505333
505455
505481
505616
505642
505752
505892
505928
506022
506063
506174
506207
506244
506313
506356
506393
506526
506609
506653
506719
506903
506943
507070
507130
507256
507299
507361
507397
507587
507701
507742
507775
507865
507933
507965
508020
508156
508360
508386
508433
508523
508627
508748
508795
508955
508985
509018
509131
509167
509301
509402
509491
509561
509766
509857
509903
509994
510014
510059
510085
510299
510323
510362
510430
510533
510594
510631
510680
510728
510751
510882
510912
510944
511005
511021
511095
511127
511175
511298
511327
511443
511501
511542
511576
511600
511687
511748
511858
511875
511905
511944
511980
512125
512247
512306
512330
512494
512531
512569
512600
512842
512870
512906
512948
512981
513009
513137
513160
513220
513262
513468
513504
513534
513598
513624
513677
513718
513732
513954
513986
514017
514093
514205
514249
514333
514361
514538
514699
514885
514988
515097
515207
515252
515265
515286
515318
515332
515384
515410
515437
515473
515543
515620
515648
515772
515794
515887
515909
515936
515981
516011
516068
516161
516175
516225
516465
516502
516530
516572
516638
516686
516768
516793
516854
516941
516966
517008
517199
517290
517382
517561
517644
517681
517751
517858
517881
518008
518056
518077
518340
518390
518430
518557
518614
518658
518713
518921
518956
518971
519021
519044
519393
519428
519446
519616
519776
519805
519849
519887
520009
520067
520196
520295
520426
520617
520675
520869
520891
520972
521026
521093
521231
521322
521361
521489
521520
521616
521838
521910
522155
522241
522299
522522
522630
522685
522749
522848
522908
522992
523071
523109
523279
523306
523425
523458
523489
523547
523618
523639
523661
523897
523958
523990
524053
524087
524216
524262
524295
524344
524400
524423
524453
524617
524678
524708
524765
524846
524874
524898
524965
524996
525057
525230
525293
525520
525634
525649
525787
525937
525973
526122
526153
526277
526667
526696
526789
526833
526848
527081
527123
527183
527306
527419
527508
527624
527744
527996
528028
528038
528078
528107
528467
528498
528598
528626
528760
528787
528966
529130
529180
529202
529218
529329
529509
529611
529664
529863
529989
530101
530145
530157
530222
530327
530353
530450
530660
530732
530780
530830
530974
531046
531151
531201
531279
531300
531332
531391
531429
531474
531639
531900
531974
532001
532043
532179
532205
532226
532301
532465
532627
532741
532774
532939
532983
533521
533573
533667
533692
533992
534095
534122
534267
534362
534489
534514
534539
534682
534699
534712
534859
535240
535262
535279
535303
535372
535452
535709
535742
535757
535873
535887
535958
536048
536143
536201
536221
536307
536439
536554
536615
536640
536669
536758
536830
536927
536998
537064
537133
537154
537365
537690
537791
537865
538080
538258
538295
538406
538481
538535
538580
538605
538680
538761
538824
538846
539114
539679
539954
539998
540019
540119
540165
540409
540473
540533
540554
540587
540606
540767
540905
540926
541125
541147
541223
541229
541242
541522
541578
541729
541746
541808
541839
541934
542129
542150
542247
542463
542735
543043
543060
543109
543241
543269
543359
543372
543404
543606
543639
543722
543809
543821
543953
544023
544116
544145
544179
544255
544305
544344
544544
544569
544656
544694
544806
544849
544896
545037
545154
545301
545399
545413
545502
545821
545856
545874
545936
546171
546464
546873
546944
546982
547034
547081
547193
547304
547427
547443
547527
547691
547815
548053
548153
548223
548246
548267
548321
548446
548501
548520
548531
548590
548609
548631
548662
548675
548864
548910
549349
549424
549467
549611
549697
550229
550248
550382
550510
550537
550654
550735
550757
550798
550925
551293
551455
551589
551607
551854
552100
552203
552272
552281
552296
552488
552582
552596
552677
552765
552798
552823
553069
553175
553235
553492
553511
553572
553581
553630
553708
553917
553932
553973
554058
554105
554189
554419
554492
554580
554610
554650
554672
554873
554976
555091
555113
555202
555292
555635
555906
555967
556091
556215
556247
556383
556431
556528
556715
557018
557180
557201
557488
557500
557730
557749
557864
557900
558139
558164
558207
558473
558583
558753
558800
558864
558876
558919
558938
559315
559401
559654
559737
559782
559917
560277
560291
560392
560800
560919
560928
560985
561065
561258
561689
561723
561758
561925
562211
562333
562385
562647
563039
563171
563206
563241
563491
563712
563727
563783
563994
564144
564523
564732
564843
564882
564947
565193
565283
565316
565389
565642
565654
565675
565806
566264
566304
566530
566543
566590
566625
566822
566995
567005
567146
567191
567212
567326
567342
567818
567845
568032
568236
568320
568437
568650
568722
568777
568883
568920
569045
569149
569742
569780
569864
569953
570241
570468
570590
570664
570710
570856
571094
571110
571121
571700
572459
572503
572608
572809
573325
573608
573641
573750
573855
573944
573981
573997
574342
574418
574735
575169
575421
575753
575767
575857
576149
576439
576472
576605
576792
577074
577080
577085
577178
577402
577609
577646
577838
578324
578426
578569
578985
579051
579641
580105
580324
580786
581440
581475
581595
581925
581999
582225
582312
582614
582678
582767
582778
582962
583810
583919
584933
585369
585524
585553
585568
585860
586051
586131
586910
587953
588239
588295
588517
588640
588670
588742
588820
588896
589067
589327
589584
589669
589677
590147
590185
590280
590401
590714
590890
590968
591288
591328
591475
591612
592046
592780
593264
593846
594444
594854
595238
595396
595799
596727
598064
598205
598291
598322
599615
599631
599902
600874
600975
601372
601914
602872
603036
603096
603821
603892
604283
605190
605620
605817
606391
606573
606889
607524
607664
610774
611036
611399
612255
612789
612974
613012
613164
613338
613748
613788
614362
615164
615350
615518
615762
616007
617066
618886
619048
620916
622795
623290
623292
624490
625949
627057
627157
628956
630891
632168
632447
633074
633114
635034
635854
635958
638188
638330
638878
639423
639700
644201
645705
647421
649231
649263
649844
651538
651644
652324
654714
655059
658418
659783
659865
662726
664639
667307
667344
667804
679293
689577
696010
704187
719337
727485
