17185
31342
41582
134847
149169
158847
179886
184828
226194
244318
262659
294510
315140
367929
378745
383118
400547
406136
406256
408076
409226
410887
412332
413363
415496
417281
418076
419061
420304
420435
423908
424255
425487
425729
426361
428037
430183
430285
430470
432592
433317
433401
433723
434303
438297
438787
439078
439630
441218
441327
444067
444251
444442
444834
445567
446449
446612
448732
449910
451410
451626
453081
453313
453961
454015
454462
454795
455058
455198
455335
456168
456584
457086
457697
457998
458111
458722
459084
459850
461283
461521
461609
461667
461806
462323
462481
462775
462832
462986
463062
463894
464331
464490
464576
465764
465842
465921
466265
466599
467212
467628
467871
468382
468508
468590
468759
468888
468967
469204
470060
470322
470380
470617
470728
470950
471006
471161
471358
471517
471665
471740
471901
471951
472020
472295
472457
472685
472824
472884
472955
473420
473471
473514
473753
474017
474271
474569
474674
474813
474979
475020
475220
475440
475906
476005
476044
476362
476696
476745
476944
476997
477179
477290
477564
477677
477745
477802
477974
478357
478696
478856
479117
479264
479461
479682
479745
480000
480073
480230
480285
480441
480497
480712
481171
481300
481405
481453
481503
481545
482323
482435
482479
482614
482925
483113
483323
483370
483590
483641
483927
483977
484155
484366
484506
484550
484655
484771
485196
485518
485542
485596
485703
485782
485886
486229
486415
486525
486590
486691
486781
486917
487244
487276
487393
487438
487651
487769
487877
487913
488123
488174
488355
488445
488500
488662
488771
489054
489100
489230
489356
489501
489666
489703
489752
489863
489990
490053
490280
490418
490768
490842
491145
491761
492223
492425
492565
492825
492845
492989
493085
493141
493266
493380
493633
494036
494091
494178
494721
494771
494928
494991
495073
495113
495214
495261
495331
495515
495719
495803
495882
495980
496056
496474
496906
496938
496990
497032
497176
497258
497299
497351
497380
497409
497498
497646
497683
497712
497754
498011
498067
498118
498248
498389
498415
498462
498520
498576
498622
498677
498710
498768
498854
499130
499223
499270
499320
499383
499436
499609
499679
499716
499758
499810
499897
499960
499996
500035
500114
500148
500188
500294
500330
500366
500532
500575
500632
500665
500766
500833
500867
500922
500959
501007
501215
501324
501464
501628
501658
501761
501795
501903
502043
502087
502121
502232
502279
502312
502380
502503
502521
502595
502648
502685
502730
502796
502919
502976
503091
503194
503364
503467
503503
503530
503582
503664
503706
503826
503880
503916
504093
504177
504350
504383
504488
504593
504650
504691
504757
504785
504837
504863
504912
504954
504994
505030
505067
505164
505379
505530
505572
505793
505831
505860
505967
506106
506138
506279
506409
506435
506481
506566
506753
506782
506823
506877
506992
507025
507096
507157
507200
507327
507516
507556
507624
507666
507807
507900
507984
508058
508114
508188
508239
508263
508294
508327
508463
508564
508596
508677
508709
508824
508854
508888
509042
509079
509103
509196
509256
509363
509446
509468
509521
509608
509646
509689
509728
509805
509922
510122
510161
510206
510245
510390
510458
510495
510567
510778
510806
510836
510861
511059
511195
511214
511252
511274
511362
511401
511638
511714
511787
511826
512014
512049
512067
512154
512170
512201
512366
512414
512459
512683
512707
512755
512799
512934
513026
513052
513094
513186
513298
513322
513371
513402
513437
513646
513760
513789
513820
513861
513925
514047
514127
514149
514178
514295
514389
514437
514475
514500
514587
514637
514671
514737
514770
514808
514850
514917
514961
515019
515058
515133
515177
515504
515570
515684
515718
515751
515821
515860
516034
516104
516129
516188
516256
516303
516333
516377
516398
516416
516606
516703
516737
516819
516889
516909
517040
517106
517137
517234
517336
517366
517424
517461
517503
517535
517714
517772
517812
517908
517938
517977
518111
518148
518197
518236
518272
518299
518369
518460
518479
518522
518581
518640
518742
518774
518810
518854
518896
519091
519136
519181
519238
519286
519331
519352
519487
519529
519570
519650
519681
519728
519909
519933
519978
520040
520082
520132
520152
520230
520265
520331
520370
520454
520484
520509
520541
520583
520649
520728
520769
520793
520825
520839
520947
520999
521059
521114
521153
521166
521201
521258
521382
521445
521552
521593
521638
521681
521716
521821
521863
521889
521936
521962
522003
522033
522056
522076
522118
522202
522263
522317
522345
522370
522394
522484
522553
522581
522603
522660
522727
522779
522800
522817
522885
522938
522957
523008
523035
523087
523129
523157
523198
523231
523247
523329
523364
523392
523435
523521
523582
523684
523729
523773
523812
523835
523878
523919
524018
524113
524135
524174
524317
524372
524490
524520
524551
524567
524589
524648
524731
524789
524825
524930
525021
525081
525108
525132
525167
525204
525252
525311
525344
525366
525452
525490
525541
525584
525611
525666
525709
525745
525802
525853
525889
525911
525993
526030
526098
526173
526191
526212
526245
526301
526326
526360
526404
526445
526476
526509
526546
526581
526622
526718
526756
526820
526865
526902
526946
526989
527148
527230
527258
527288
527326
527343
527377
527441
527473
527538
527554
527595
527647
527682
527764
527787
527822
527857
527891
527905
527926
527969
528130
528151
528190
528209
528234
528271
528296
528336
528531
528654
528672
528694
528727
528821
528863
528880
528947
529002
529024
529041
529154
529247
529270
529285
529307
529358
529375
529426
529466
529535
529575
529643
529739
529762
529785
529804
529822
529890
529962
530020
530039
530075
530121
530171
530250
530278
530298
530376
530425
530469
530514
530528
530580
530605
530626
530687
530808
530874
530902
530923
530987
531027
531069
531108
531178
531225
531253
531360
531455
531511
531539
531574
531606
531659
531697
531737
531772
531806
531830
531870
531934
531951
532017
532065
532086
532121
532146
532244
532271
532340
532362
532385
532414
532437
532488
532518
532548
532569
532600
532665
532710
532802
532828
532864
532889
532912
532963
533001
533016
533044
533063
533092
533125
533151
533182
533224
533323
533355
533384
533426
533457
533481
533543
533592
533614
533648
533722
533763
533789
533814
533843
533878
533913
533931
533946
534020
534052
534183
534206
534234
534285
534303
534325
534397
534438
534563
534588
534630
534648
534747
534771
534795
534824
534882
534906
534936
535034
535086
535117
535148
535168
535203
535220
535319
535397
535428
535486
535525
535539
535580
535614
535641
535662
535680
535774
535792
535817
535836
535900
535937
535998
536030
536061
536117
536255
536279
536324
536355
536387
536420
536453
536491
536511
536534
536592
536736
536790
536844
536863
536887
536909
536976
537006
537029
537096
537164
537203
537227
537259
537273
537303
537321
537340
537403
537426
537473
537504
537536
537569
537594
537631
537670
537713
537743
537751
537815
537843
537893
537914
537945
537981
538009
538098
538134
538155
538179
538216
538235
538279
538314
538343
538364
538388
538444
538496
538541
538557
538624
538645
538690
538736
538797
538868
538887
538906
538935
538960
539002
539035
539066
539085
539141
539170
539187
539227
539259
539284
539298
539328
539362
539392
539405
539426
539451
539484
539514
539541
539565
539583
539598
539618
539647
539656
539723
539783
539812
539835
539874
539896
539929
539971
540039
540094
540141
540175
540200
540230
540254
540280
540300
540318
540350
540374
540389
540440
540490
540513
540561
540634
540661
540701
540724
540742
540795
540819
540858
540877
540942
540962
540990
541006
541017
541067
541090
541160
541200
541258
541283
541355
541402
541426
541489
541590
541607
541627
541649
541681
541706
541757
541783
541823
541854
541879
541955
541975
541999
542023
542044
542088
542113
542183
542201
542225
542274
542310
542389
542408
542449
542472
542504
542539
542569
542600
542637
542653
542719
542753
542770
542783
542795
542816
542846
542856
542891
542906
542946
542987
543078
543127
543168
543190
543308
543349
543392
543418
543451
543486
543512
543538
543544
543560
543619
543656
543669
543698
543743
543774
543792
543835
543869
543895
543926
543975
544005
544045
544162
544205
544219
544279
544320
544360
544373
544393
544416
544446
544464
544486
544515
544581
544615
544644
544705
544731
544754
544787
544827
544863
544908
544945
544976
545050
545070
545101
545136
545179
545214
545249
545265
545323
545346
545377
545434
545536
545571
545589
545612
545630
545657
545664
545690
545733
545758
545770
545804
545832
545886
545918
545955
545986
546018
546047
546070
546144
546186
546235
546260
546288
546305
546316
546337
546361
546374
546394
546426
546452
546483
546510
546535
546567
546586
546597
546636
546653
546709
546735
546758
546778
546811
546846
546885
546927
546958
546989
547017
547038
547056
547107
547126
547211
547232
547250
547271
547290
547375
547399
547470
547493
547512
547546
547569
547596
547632
547655
547671
547714
547767
547788
547830
547848
547872
547892
547907
547924
547956
547984
547998
548058
548088
548113
548129
548208
548305
548343
548369
548403
548458
548488
548572
548688
548719
548735
548756
548783
548801
548808
548836
548855
548883
548971
548993
549006
549041
549066
549085
549108
549215
549236
549262
549281
549311
549340
549364
549388
549407
549434
549493
549512
549534
549560
549583
549641
549666
549760
549780
549796
549819
549846
549879
549897
549920
549937
549956
549983
550016
550044
550071
550102
550124
550145
550211
550264
550281
550305
550319
550400
550419
550450
550484
550562
550580
550596
550679
550746
550768
550818
550836
550852
550858
550878
550898
550949
550967
550985
551001
551019
551032
551061
551091
551108
551168
551181
551194
551208
551235
551262
551318
551333
551363
551383
551414
551438
551478
551506
551570
551635
551664
551676
551694
551727
551748
551774
551799
551876
551919
551950
551981
552016
552073
552112
552144
552166
552183
552250
552312
552338
552367
552377
552392
552408
552431
552469
552509
552541
552553
552606
552628
552643
552700
552724
552746
552776
552840
552862
552925
552950
552953
552985
552996
553024
553043
553089
553111
553133
553143
553193
553214
553250
553272
553301
553327
553354
553380
553407
553444
553466
553529
553545
553590
553604
553664
553681
553700
553725
553741
553774
553798
553824
553869
553882
553906
553954
553994
554014
554028
554080
554116
554131
554161
554210
554233
554260
554289
554315
554361
554389
554403
554441
554462
554528
554549
554601
554623
554687
554698
554728
554748
554768
554795
554816
554826
554891
554925
554954
554986
555014
555033
555051
555068
555077
555106
555132
555161
555177
555210
555252
555319
555347
555382
555414
555445
555463
555488
555517
555562
555591
555614
555650
555695
555713
555734
555754
555776
555802
555859
555875
555921
555940
555981
555998
556016
556052
556074
556103
556140
556157
556183
556206
556230
556250
556292
556307
556328
556347
556362
556407
556421
556458
556481
556505
556548
556552
556571
556591
556618
556642
556668
556683
556705
556736
556749
556784
556795
556821
556845
556869
556901
556921
556948
556962
556980
557070
557080
557098
557127
557139
557154
557213
557236
557252
557269
557291
557314
557335
557388
557414
557434
557455
557520
557560
557606
557627
557637
557657
557675
557692
557761
557768
557786
557804
557822
557878
557923
557943
557964
557979
558003
558021
558045
558069
558084
558183
558231
558247
558276
558305
558321
558344
558384
558402
558418
558487
558519
558537
558550
558600
558624
558642
558656
558679
558703
558726
558761
558782
558809
558839
558955
558970
558988
559011
559031
559054
559092
559115
559142
559158
559208
559263
559290
559335
559419
559475
559499
559510
559536
559548
559556
559574
559636
559664
559677
559695
559710
559752
559800
559837
559866
559887
559901
559945
559963
559993
560021
560034
560072
560103
560119
560137
560164
560188
560213
560241
560268
560301
560316
560344
560367
560404
560426
560437
560471
560495
560527
560547
560576
560594
560627
560641
560668
560692
560713
560743
560782
560803
560827
560858
560874
560895
560948
560967
560997
561014
561041
561104
561123
561157
561176
561204
561234
561246
561331
561358
561366
561381
561429
561448
561470
561492
561508
561525
561543
561556
561577
561601
561631
561654
561675
561729
561746
561782
561800
561826
561846
561865
561897
561936
561961
561983
561992
562018
562024
562043
562053
562066
562088
562109
562176
562199
562221
562233
562266
562310
562344
562361
562410
562417
562432
562455
562481
562515
562544
562569
562589
562629
562669
562683
562729
562798
562883
562905
562913
562940
562968
563004
563020
563082
563107
563126
563151
563187
563216
563234
563276
563315
563382
563400
563417
563467
563504
563519
563537
563555
563572
563598
563648
563655
563662
563683
563760
563821
563859
563872
563877
563892
563926
563950
563962
563982
564003
564018
564048
564064
564112
564123
564164
564179
564197
564252
564271
564289
564348
564368
564407
564423
564434
564453
564474
564512
564545
564567
564612
564623
564648
564670
564687
564713
564777
564817
564859
564871
564892
564914
564935
564989
565005
565026
565075
565094
565110
565135
565159
565178
565200
565213
565260
565307
565330
565344
565365
565376
565410
565432
565475
565493
565539
565557
565581
565602
565629
565684
565704
565824
565853
565868
565881
565913
565928
565942
565955
565967
565997
566008
566025
566043
566057
566076
566080
566096
566121
566142
566160
566175
566189
566214
566228
566241
566278
566283
566318
566334
566348
566377
566397
566427
566447
566488
566506
566517
566559
566578
566607
566640
566689
566704
566715
566733
566749
566768
566848
566857
566876
566892
566904
566945
566962
567020
567035
567060
567085
567100
567124
567131
567158
567178
567201
567240
567259
567274
567299
567314
567351
567369
567381
567406
567416
567435
567456
567477
567495
567517
567541
567567
567578
567594
567613
567642
567657
567667
567687
567697
567713
567730
567750
567764
567774
567832
567839
567869
567941
567956
568001
568052
568064
568093
568118
568129
568138
568161
568194
568250
568278
568300
568335
568362
568414
568480
568506
568518
568534
568546
568559
568595
568666
568685
568693
568702
568736
568753
568762
568794
568825
568841
568862
568873
568936
569000
569019
569034
569063
569078
569089
569163
569175
569197
569253
569277
569290
569305
569332
569388
569407
569459
569468
569483
569504
569539
569558
569580
569628
569654
569679
569698
569756
569770
569827
569838
569940
569986
570007
570014
570070
570082
570104
570115
570184
570199
570220
570255
570261
570304
570320
570340
570357
570386
570401
570421
570456
570521
570540
570560
570572
570604
570622
570639
570645
570691
570720
570736
570752
570771
570792
570813
570875
570894
570943
570992
571014
571031
571048
571066
571081
571102
571131
571146
571153
571175
571201
571242
571256
571274
571340
571349
571408
571415
571480
571488
571504
571531
571559
571568
571581
571593
571614
571626
571634
571647
571665
571681
571713
571771
571787
571804
571824
571836
571853
571872
571890
571899
571920
571938
571959
572002
572014
572022
572045
572064
572092
572108
572129
572148
572156
572166
572191
572207
572261
572294
572321
572344
572370
572422
572439
572464
572480
572490
572517
572546
572566
572623
572646
572696
572715
572740
572749
572761
572833
572847
572879
572894
572914
572936
572953
572990
572995
573007
573021
573084
573148
573175
573192
573206
573255
573273
573285
573340
573353
573394
573414
573458
573480
573502
573516
573532
573548
573560
573576
573592
573629
573659
573692
573757
573770
573841
573867
573930
573949
573962
573988
574003
574018
574066
574105
574115
574134
574158
574180
574263
574306
574326
574352
574496
574504
574543
574583
574620
574627
574649
574725
574744
574758
574767
574776
574813
574829
574854
574871
574903
574928
574940
574948
574964
575001
575014
575032
575045
575119
575148
575177
575193
575238
575327
575339
575347
575359
575376
575397
575411
575440
575455
575471
575483
575497
575535
575551
575564
575585
575603
575619
575655
575665
575692
575710
575718
575732
575743
575774
575799
575876
575893
575908
576031
576052
576069
576080
576103
576115
576208
576218
576256
576282
576297
576348
576373
576391
576449
576497
576521
576585
576595
576616
576629
576653
576666
576683
576736
576762
576776
576803
576823
576836
576846
576898
576943
576958
576972
576986
577016
577033
577056
577098
577120
577156
577167
577184
577191
577227
577246
577263
577293
577306
577316
577335
577356
577387
577430
577459
577476
577542
577551
577568
577593
577653
577665
577764
577781
577792
577811
577853
577873
577902
577918
577936
577958
577972
578018
578027
578040
578049
578065
578094
578112
578159
578179
578221
578248
578265
578277
578352
578367
578417
578511
578529
578577
578591
578606
578620
578646
578660
578698
578723
578762
578798
578861
578921
578937
579022
579067
579083
579126
579145
579157
579180
579197
579236
579262
579278
579296
579339
579353
579363
579377
579388
579448
579577
579596
579608
579612
579628
579649
579661
579696
579730
579771
579788
579801
579809
579815
579849
579873
579943
579972
579990
580019
580028
580050
580093
580114
580125
580136
580197
580214
580225
580236
580242
580256
580306
580364
580397
580408
580434
580445
580458
580474
580492
580578
580605
580629
580639
580656
580681
580729
580774
580799
580815
580836
580865
580870
580893
580902
580917
580953
580987
580999
581013
581021
581043
581064
581081
581118
581134
581148
581174
581185
581198
581230
581237
581274
581288
581296
581319
581338
581349
581365
581371
581405
581428
581450
581487
581492
581556
581566
581581
581603
581614
581634
581699
581712
581724
581742
581762
581821
581835
581868
581880
581898
581910
581965
581970
582052
582066
582087
582117
582129
582161
582170
582176
582194
582204
582247
582292
582303
582339
582350
582361
582407
582419
582430
582479
582489
582591
582651
582689
582703
582750
582755
582790
582800
582816
582830
582847
582879
582905
582919
582929
582946
582981
583024
583038
583076
583095
583110
583129
583152
583194
583208
583239
583265
583277
583297
583379
583420
583480
583493
583521
583576
583580
583595
583625
583638
583690
583700
583710
583764
583797
583814
583824
583853
583872
583886
583946
583960
583994
584025
584064
584080
584095
584104
584134
584139
584170
584204
584217
584230
584244
584263
584273
584287
584299
584313
584320
584357
584378
584388
584399
584411
584424
584439
584456
584468
584473
584528
584541
584579
584598
584612
584654
584681
584722
584735
584755
584797
584844
584885
584893
584926
584944
584962
584986
585017
585083
585097
585112
585148
585204
585235
585272
585290
585324
585356
585370
585380
585397
585468
585490
585505
585537
585575
585592
585609
585629
585689
585708
585719
585731
585759
585773
585787
585824
585867
585876
585914
585951
585987
585999
586032
586058
586114
586134
586159
586185
586200
586229
586245
586269
586279
586315
586408
586419
586449
586461
586577
586587
586627
586635
586650
586663
586677
586687
586724
586749
586833
586839
586848
586861
586901
586918
586924
586986
586996
587010
587053
587066
587096
587108
587135
587151
587162
587200
587236
587269
587338
587345
587404
587416
587431
587441
587456
587473
587499
587533
587565
587619
587630
587659
587713
587722
587760
587771
587786
587792
587836
587872
587910
587917
587929
588012
588038
588052
588085
588126
588136
588154
588181
588209
588251
588317
588329
588367
588397
588485
588554
588565
588577
588594
588676
588764
588781
588791
588870
588906
588952
588961
588989
589021
589031
589046
589051
589058
589074
589115
589127
589170
589209
589219
589269
589341
589351
589355
589369
589373
589419
589459
589465
589507
589573
589598
589713
589743
589762
589776
589818
589827
589860
589877
589887
589896
589935
589948
590032
590048
590062
590075
590084
590096
590114
590158
590167
590189
590201
590210
590245
590253
590268
590286
590304
590392
590410
590420
590426
590435
590461
590482
590511
590543
590564
590583
590628
590677
590693
590704
590762
590829
590838
590840
590924
590992
591024
591137
591153
591183
591237
591278
591333
591362
591425
591491
591499
591541
591571
591604
591620
591636
591660
591668
591679
591691
591719
591760
591774
591777
591786
591820
591832
591848
591881
591894
591943
591981
591995
592005
592018
592022
592050
592067
592159
592188
592244
592283
592324
592329
592355
592390
592397
592408
592424
592454
592497
592524
592573
592594
592600
592627
592660
592671
592682
592690
592727
592734
592854
592877
592885
592910
592920
592977
592986
593008
593039
593046
593121
593128
593169
593201
593205
593226
593238
593246
593260
593285
593302
593358
593372
593387
593430
593436
593447
593461
593480
593493
593540
593583
593636
593667
593714
593735
593741
593763
593809
593904
593960
594006
594050
594116
594141
594146
594195
594242
594253
594314
594323
594364
594511
594526
594532
594540
594569
594578
594589
594598
594651
594662
594735
594742
594792
594820
594828
594843
594861
594884
594902
594913
594921
594937
595031
595073
595089
595123
595156
595201
595279
595299
595313
595370
595380
595498
595557
595568
595595
595600
595610
595619
595632
595665
595674
595681
595720
595754
595791
595804
595832
595867
595893
595977
595986
596068
596077
596102
596113
596124
596132
596140
596206
596240
596296
596308
596452
596464
596504
596571
596575
596588
596658
596678
596685
596690
596699
596768
596888
596921
596929
596973
596991
597066
597078
597117
597135
597162
597175
597322
597335
597447
597456
597500
597507
597517
597526
597550
597585
597595
597628
597691
597718
597734
597796
597848
597985
598008
598025
598107
598201
598214
598235
598247
598299
598365
598375
598434
598443
598455
598504
598511
598522
598530
598572
598685
598702
598750
598776
598788
598830
598876
598906
598935
598952
598962
598970
598995
599020
599042
599070
599111
599187
599200
599248
599272
599395
599403
599449
599460
599480
599768
599851
599868
599913
599931
599971
600060
600223
600228
600261
600342
600398
600405
600520
600630
600639
600706
600822
600836
601013
601054
601090
601100
601131
601148
601153
601203
601239
601305
601324
601401
601477
601507
601553
601562
601654
601661
601687
601762
601799
601819
601826
601834
601889
601952
602182
602211
602224
602243
602352
602514
602535
602576
602619
602645
602683
602721
602761
602766
602788
602829
602858
602863
602988
603073
603154
603191
603292
603373
603448
603556
603576
603582
603590
603658
603729
603743
603800
603887
603896
603976
604139
604151
604224
604233
604340
604498
604528
604696
604701
604713
604823
604890
604925
604946
604949
604995
605166
605181
605252
605305
605366
605408
605438
605464
605524
605678
605727
605831
605872
605882
605920
605957
605963
605967
606140
606196
606243
606286
606383
606435
606503
606513
606626
606707
606850
607039
607042
607125
607220
607424
607471
607481
607536
607586
607627
607786
607830
607890
607944
607951
608007
608016
608095
608159
608209
608274
608283
608296
608348
608353
608559
608595
608638
608693
608833
608949
609005
609029
609066
609072
609095
609101
609172
609197
609212
609279
609286
609462
609496
609531
609765
609851
609965
609986
610084
610118
610196
610208
610216
610259
610442
610496
610606
610738
610747
610759
610789
610894
611031
611199
611270
611363
611425
611488
611533
611572
611710
611947
611996
612162
612311
612331
612534
612555
612577
612649
612780
612798
612868
612932
612994
613096
613130
613173
613189
613319
613551
613567
613779
613977
614182
614193
614249
614309
614463
614671
615126
615246
615463
615552
615698
615983
616110
616173
616239
616783
616810
617023
617106
617343
617442
617514
617793
617874
618186
618428
618432
618546
618597
618982
619241
619359
619368
619801
619826
619855
620233
620337
620412
620694
620795
620820
621027
621239
621300
621332
621344
621820
621903
621927
622407
622448
622488
622526
622603
622665
622864
623269
623331
623837
623896
624189
624728
624819
625759
626383
626437
626552
626620
626711
626753
626880
626904
627071
627099
627406
627492
627549
627709
627877
627931
628638
628768
628868
628959
629166
629409
629448
629477
629643
629833
630251
630986
631104
631127
632028
632350
633090
633163
636407
638977
641424
641537
643002
645071
648837
648921
654971
656555
679698
