544
953
1285
1662
1893
2164
2383
2641
2879
3043
3229
3403
3605
3760
3870
3971
4083
4206
4297
4408
4495
4597
4678
4769
4858
4923
4976
5066
5139
5236
10215
10233
10243
10258
10277
10293
10319
10334
10350
10364
10382
10397
10411
10422
10437
10451
10468
10487
10505
10533
10543
10561
10576
10589
10609
10624
10640
10649
10655
10665
10681
10697
10709
10721
10738
10755
10767
10782
10799
12471
12476
12487
12495
12508
12522
12535
12543
12552
12563
12570
12577
12583
12589
12604
12611
12616
12623
12632
12639
12645
12653
12661
12672
12676
12684
12691
12701
12707
12717
12724
12736
12746
12753
12761
12768
12775
12783
12794
12803
12809
12819
12831
12838
12847
12860
12868
12878
12883
12889
12897
12906
12911
12924
12930
12943
12950
12960
12969
12977
12986
12994
13001
13011
13017
13027
13037
13040
13047
13050
13054
13066
13073
13075
13082
13089
13101
13117
13124
13131
13135
13145
13153
17845
17848
17850
17851
17852
17855
17858
17863
17868
17871
17875
17877
17879
17881
17897
17898
17900
17902
17903
17904
17906
17909
17910
17911
17914
17916
17917
17918
17920
17925
17926
17928
17938
17943
17945
17947
17954
17964
17974
17977
17980
17984
17985
17987
17988
17994
17998
18001
18007
18009
18010
18013
18018
18020
18022
18025
18027
18030
18031
18034
18037
18038
18041
18051
18053
18056
18059
21629
21644
21662
21665
21747
21749
21750
21787
21805
21814
21818
21824
21827
21830
21892
21899
21930
21992
22052
22058
22062
22096
22124
22136
22152
22251
22312
22329
22330
22335
22378
22472
22547
22580
22599
22768
22778
22836
22958
23117
23133
23484
23579