544
953
1285
1662
1893
2164
2383
2641
2879
3043
3229
3403
3605
3760
3870
3971
4083
4206
4297
4408
4495
4597
4678
4769
4858
4923
4976
5066
5139
5236
5315
5383
5454
5542
5623
5693
5776
5852
5911
5982
6055
6119
6186
6244
6280
6348
6429
6487
6559
6593
6636
6676
6752
6811
6855
6902
6949
6997
7068
7127
7156
7192
7269
7309
7345
7384
7429
7481
7527
7564
7611
7652
7682
7713
7754
7799
7845
7876
7911
7956
7992
8037
8060
8094
8126
8163
8208
8233
8282
8327
8356
8388
8416
8439
8456
8482
8512
8540
8562
8591
8625
8647
8670
8686
8714
8740
8766
8785
8812
8832
8857
8878
8905
8934
8972
8990
9016
9041
9060
9083
9112
9138
9155
9175
9193
9223
9243
9266
9293
9316
9339
9365
9389
9423
9450
9478
9509
9521
9543
9559
9586
9617
9641
9655
9671
9694
9719
9731
9746
9775
9802
9820
9839
9862
9889
9906
9929
9946
9971
9981
10004
10020
10036
10055
10070
10096
10111
10126
10142
10156
10184
10196
10204
10215
10233
10243
10258
10277
10293
10319
10334
10350
10364
10382
10397
10411
10422
10437
10451
10468
10487
10505
10533
10543
10561
10576
10589
10609
10624
10640
10649
10655
10665
10681
10697
10709
10721
10738
10755
10767
10782
10799
10815
10829
10847
10854
10870
10887
10898
10909
10926
10938
10952
10968
10985
10995
11009
11018
11030
11044
11059
11073
11090
11105
11117
11129
11136
11143
11157
11165
11188
11200
11215
11230
11240
11257
11276
11287
11304
11321
11332
11346
11359
11370
11388
11405
11422
11434
11444
11450
11458
11465
11484
11492
11510
11525
11536
11549
11565
11578
11587
11606
11615
11627
11636
11646
11659
11671
11681
11690
11708
11718
11733
11743
11749
11756
11768
11781
11790
11801
11813
11817
11832
11846
11859
11873
11882
11897
11908
11922
11940
11956
11968
11975
11981
11991
11999
12005
12013
12020
12031
12039
12054
12065
12076
12086
12094
12107
12122
12133
12141
12152
12162
12172
12187
12194
12203
12219
12220
12230
12239
12255
12265
12271
12279
12286
12298
12308
12324
12335
12344
12355
12371
12378
12391
12406
12415
12437
12445
12457
12471
12476
12487
12495
12508
12522
12535
12543
12552
12563
12570
12577
12583
12589
12604
12611
12616
12623
12632
12639
12645
12653
12661
12672
12676
12684
12691
12701
12707
12717
12724
12736
12746
12753
12761
12768
12775
12783
12794
12803
12809
12819
12831
12838
12847
12860
12868
12878
12883
12889
12897
12906
12911
12924
12930
12943
12950
12960
12969
12977
12986
12994
13001
13011
13017
13027
13037
13040
13047
13050
13054
13066
13073
13075
13082
13089
13101
13117
13124
13131
13135
13145
13153
13162
13172
13176
13182
13191
13199
13206
13214
13219
13229
13235
13239
13245
13256
13262
13267
13278
13286
13292
13301
13314
13325
13332
13337
13342
13349
13359
13368
13378
13389
13397
13402
13415
13419
13424
13438
13446
13455
13465
13473
13476
13480
13485
13491
13497
13504
13511
13517
13529
13539
13545
13557
13562
13566
13575
13584
13591
13597
13604
13611
13621
13626
13636
13645
13652
13660
13665
13672
13679
13690
13700
13709
13718
13725
13734
13739
13745
13751
13758
13766
13772
13782
13788
13794
13797
13800
13807
13817
13826
13830
13837
13846
13856
13866
13872
13881
13893
13899
13909
13916
13921
13926
13928
13932
13936
13940
13946
13956
13960
13966
13971
13975
13981
13990
13993
13998
14001
14005
14013
14021
14027
14031
14035
14044
14046
14054
14062
14068
14074
14083
14086
14100
14110
14112
14116
14122
14130
14134
14138
14143
14145
14150
14154
14163
14168
14169
14173
14183
14191
14193
14200
14210
14216
14222
14229
14239
14243
14252
14259
14263
14272
14281
14287
14293
14300
14311
14320
14326
14328
14333
14342
14347
14356
14359
14364
14366
14370
14376
14379
14386
14389
14393
14400
14406
14411
14420
14425
14433
14437
14441
14447
14460
14465
14473
14483
14491
14501
14509
14516
14524
14532
14539
14542
14545
14550
14553
14559
14564
14568
14576
14585
14591
14600
14610
14615
14622
14627
14631
14635
14642
14650
14663
14669
14676
14684
14689
14695
14699
14704
14710
14719
14727
14732
14736
14742
14750
14755
14760
14763
14768
14773
14780
14788
14794
14799
14802
14807
14811
14821
14826
14834
14843
14848
14854
14865
14870
14875
14880
14893
14895
14900
14902
14909
14917
14921
14925
14933
14941
14944
14949
14956
14959
14963
14969
14976
14979
14983
14991
15002
15007
15011
15016
15023
15024
15030
15035
15040
15041
15046
15051
15064
15068
15075
15081
15085
15096
15101
15110
15118
15123
15130
15135
15140
15143
15147
15153
15156
15161
15169
15171
15180
15183
15186
15191
15192
15195
15199
15204
15207
15211
15216
15227
15233
15239
15245
15251
15260
15266
15270
15283
15288
15291
15299
15305
15306
15312
15315
15321
15323
15328
15335
15339
15341
15345
15355
15358
15360
15364
15369
15374
15377
15380
15384
15388
15390
15397
15403
15414
15420
15424
15429
15435
15437
15443
15447
15451
15456
15460
15464
15469
15473
15477
15484
15491
15496
15498
15502
15504
15510
15514
15517
15521
15529
15532
15540
15545
15551
15554
15557
15560
15566
15569
15574
15578
15582
15587
15595
15603
15612
15622
15624
15628
15634
15640
15644
15648
15652
15656
15664
15666
15670
15673
15676
15677
15682
15687
15689
15691
15698
15702
15705
15709
15712
15717
15719
15725
15729
15733
15742
15744
15754
15757
15762
15766
15771
15777
15779
15785
15791
15796
15798
15802
15804
15809
15819
15820
15824
15829
15833
15836
15841
15849
15853
15858
15860
15865
15870
15876
15884
15887
15891
15897
15899
15900
15903
15907
15910
15916
15918
15921
15940
15946
15953
15956
15959
15963
15968
15972
15979
15982
15990
15995
16000
16004
16010
16015
16019
16023
16029
16035
16039
16043
16048
16051
16053
16058
16062
16063
16068
16072
16078
16082
16086
16088
16095
16102
16104
16106
16112
16116
16121
16125
16128
16132
16135
16140
16143
16146
16150
16154
16155
16159
16163
16168
16172
16174
16182
16185
16187
16189
16191
16193
16195
16199
16204
16210
16213
16215
16224
16226
16229
16231
16234
16237
16241
16246
16248
16250
16252
16258
16271
16274
16277
16281
16283
16285
16287
16293
16298
16301
16306
16309
16312
16315
16318
16319
16322
16329
16331
16333
16334
16339
16347
16353
16355
16357
16359
16362
16366
16369
16373
16379
16381
16385
16388
16393
16395
16397
16399
16404
16405
16408
16413
16417
16421
16425
16428
16433
16434
16437
16440
16445
16449
16450
16453
16455
16457
16463
16468
16475
16479
16483
16487
16489
16492
16494
16498
16504
16506
16507
16519
16522
16526
16529
16539
16541
16547
16551
16556
16562
16564
16566
16570
16572
16573
16574
16577
16581
16583
16585
16587
16592
16595
16599
16602
16605
16606
16608
16612
16615
16617
16623
16628
16630
16632
16638
16642
16649
16650
16653
16658
16659
16663
16666
16668
16673
16674
16677
16682
16683
16685
16689
16694
16697
16699
16704
16708
16709
16714
16716
16719
16721
16722
16726
16729
16732
16739
16741
16743
16750
16752
16754
16756
16757
16760
16762
16764
16769
16774
16775
16780
16782
16783
16789
16790
16793
16797
16799
16801
16809
16813
16817
16820
16824
16826
16829
16830
16831
16832
16835
16838
16841
16843
16847
16851
16854
16857
16861
16862
16865
16872
16874
16876
16881
16885
16888
16894
16896
16899
16901
16902
16906
16908
16916
16921
16923
16929
16931
16934
16936
16940
16943
16944
16948
16950
16952
16955
16959
16962
16963
16969
16970
16973
16976
16980
16988
16996
16998
17002
17004
17005
17010
17014
17016
17017
17021
17026
17027
17029
17032
17034
17037
17041
17042
17043
17045
17048
17050
17055
17059
17062
17066
17068
17071
17073
17074
17078
17080
17081
17084
17087
17088
17091
17094
17098
17103
17106
17107
17116
17117
17119
17121
17124
17127
17128
17130
17133
17136
17139
17141
17142
17144
17146
17150
17153
17155
17159
17163
17166
17168
17169
17170
17171
17175
17177
17179
17180
17183
17184
17187
17191
17196
17197
17198
17200
17202
17204
17212
17215
17222
17223
17227
17230
17234
17236
17238
17240
17244
17249
17252
17257
17262
17266
17269
17271
17274
17276
17280
17284
17287
17288
17298
17301
17305
17309
17311
17314
17315
17318
17319
17323
17326
17330
17334
17335
17343
17345
17348
17352
17354
17356
17359
17362
17364
17365
17368
17370
17373
17382
17383
17386
17389
17391
17392
17393
17396
17401
17402
17404
17407
17411
17415
17416
17418
17420
17425
17427
17429
17433
17435
17437
17439
17443
17446
17449
17450
17452
17456
17461
17462
17464
17476
17479
17494
17497
17501
17505
17507
17509
17512
17517
17520
17521
17523
17525
17528
17530
17536
17537
17538
17541
17544
17546
17550
17551
17553
17557
17558
17561
17564
17567
17571
17573
17576
17577
17579
17582
17587
17589
17591
17596
17598
17601
17604
17607
17610
17611
17616
17620
17623
17624
17626
17628
17631
17633
17635
17636
17639
17642
17644
17645
17646
17647
17648
17650
17652
17654
17657
17659
17664
17666
17667
17668
17673
17676
17680
17686
17691
17693
17695
17697
17698
17701
17702
17704
17707
17709
17710
17714
17717
17719
17722
17724
17730
17733
17736
17737
17739
17741
17745
17747
17749
17750
17751
17754
17757
17760
17763
17765
17766
17768
17769
17770
17776
17777
17778
17781
17783
17785
17786
17793
17794
17795
17796
17798
17805
17808
17811
17813
17814
17816
17824
17826
17827
17832
17835
17837
17840
17843
17845
17848
17850
17851
17852
17855
17858
17863
17868
17871
17875
17877
17879
17881
17897
17898
17900
17902
17903
17904
17906
17909
17910
17911
17914
17916
17917
17918
17920
17925
17926
17928
17938
17943
17945
17947
17954
17964
17974
17977
17980
17984
17985
17987
17988
17994
17998
18001
18007
18009
18010
18013
18018
18020
18022
18025
18027
18030
18031
18034
18037
18038
18041
18051
18053
18056
18059
18061
18071
18072
18076
18085
18087
18093
18096
18098
18100
18103
18105
18106
18108
18109
18114
18117
18120
18127
18130
18134
18136
18138
18139
18141
18143
18148
18155
18156
18158
18159
18161
18163
18167
18171
18174
18175
18180
18182
18189
18190
18193
18196
18198
18202
18205
18209
18214
18216
18219
18224
18225
18227
18236
18239
18244
18245
18247
18249
18254
18256
18257
18258
18260
18264
18265
18268
18270
18273
18280
18283
18286
18291
18293
18296
18303
18305
18307
18310
18315
18319
18320
18324
18327
18328
18330
18338
18339
18341
18345
18346
18349
18350
18362
18369
18372
18373
18376
18378
18381
18384
18385
18388
18390
18392
18394
18397
18398
18404
18406
18408
18411
18412
18415
18417
18418
18419
18421
18422
18425
18430
18433
18435
18437
18439
18441
18443
18445
18451
18455
18461
18462
18469
18471
18473
18475
18476
18478
18479
18482
18483
18489
18490
18492
18493
18494
18495
18497
18499
18501
18505
18508
18509
18510
18519
18522
18524
18526
18528
18534
18537
18544
18547
18550
18551
18557
18559
18560
18563
18564
18567
18569
18572
18573
18579
18581
18584
18586
18587
18590
18591
18595
18596
18599
18602
18603
18605
18606
18608
18609
18610
18611
18615
18617
18624
18628
18633
18634
18639
18643
18644
18649
18652
18653
18656
18657
18658
18662
18663
18671
18675
18677
18684
18686
18689
18692
18693
18695
18698
18699
18700
18701
18705
18707
18708
18712
18717
18720
18721
18723
18728
18730
18732
18740
18743
18746
18748
18753
18758
18761
18766
18767
18768
18769
18771
18773
18785
18787
18788
18791
18792
18795
18798
18799
18801
18803
18809
18811
18812
18820
18822
18827
18830
18833
18841
18842
18843
18846
18848
18849
18857
18861
18872
18875
18877
18878
18880
18887
18890
18891
18896
18897
18898
18899
18902
18903
18904
18907
18911
18917
18926
18928
18930
18931
18934
18936
18938
18940
18942
18944
18946
18948
18949
18951
18958
18959
18963
18967
18969
18970
18976
18984
18987
18988
18995
19001
19008
19009
19014
19023
19024
19026
19029
19036
19038
19041
19042
19050
19051
19053
19056
19061
19067
19069
19074
19086
19089
19101
19109
19112
19119
19122
19126
19131
19134
19136
19138
19139
19140
19144
19150
19152
19153
19156
19164
19167
19168
19169
19179
19180
19187
19189
19191
19193
19197
19198
19203
19204
19208
19216
19219
19221
19222
19225
19228
19229
19239
19240
19242
19244
19245
19249
19250
19251
19256
19259
19262
19267
19269
19270
19273
19274
19275
19276
19278
19279
19282
19286
19292
19293
19295
19297
19299
19300
19303
19307
19308
19310
19318
19325
19330
19332
19334
19343
19346
19349
19357
19359
19369
19372
19373
19378
19384
19386
19388
19391
19392
19396
19399
19410
19411
19414
19428
19431
19433
19439
19441
19463
19464
19465
19470
19471
19473
19474
19475
19477
19485
19487
19490
19491
19493
19497
19502
19506
19507
19509
19511
19512
19516
19517
19518
19520
19521
19523
19527
19528
19529
19530
19535
19537
19542
19543
19545
19550
19553
19555
19559
19560
19569
19573
19575
19581
19582
19583
19587
19589
19593
19595
19597
19599
19600
19602
19619
19620
19624
19625
19633
19638
19643
19648
19655
19665
19670
19675
19681
19682
19689
19701
19702
19703
19706
19708
19711
19714
19715
19721
19733
19740
19747
19757
19759
19765
19767
19772
19775
19776
19778
19779
19781
19783
19787
19788
19789
19804
19808
19810
19811
19814
19819
19832
19834
19835
19836
19837
19840
19841
19850
19852
19857
19858
19859
19861
19865
19866
19867
19874
19878
19879
19880
19882
19885
19892
19898
19902
19908
19918
19919
19929
19936
19938
19941
19944
19946
19951
19952
19957
19959
19960
19966
19967
19974
19976
19979
19981
19982
19983
19992
19994
19996
19999
20001
20007
20009
20019
20021
20031
20049
20058
20060
20061
20079
20084
20100
20101
20112
20121
20125
20126
20129
20137
20141
20143
20144
20145
20151
20154
20163
20165
20171
20185
20188
20189
20192
20213
20219
20226
20228
20238
20242
20245
20253
20261
20263
20268
20270
20275
20276
20281
20284
20286
20287
20292
20304
20315
20316
20318
20319
20322
20323
20324
20325
20331
20333
20334
20340
20346
20347
20351
20356
20368
20371
20376
20377
20379
20381
20387
20388
20412
20426
20428
20439
20449
20463
20473
20475
20482
20483
20485
20490
20494
20496
20505
20513
20514
20520
20521
20524
20525
20546
20563
20578
20584
20595
20601
20620
20621
20628
20633
20639
20642
20646
20662
20668
20678
20696
20698
20702
20710
20716
20721
20729
20750
20760
20764
20778
20779
20780
20783
20797
20798
20818
20841
20854
20883
20884
20888
20916
20936
20938
20954
20961
20979
20988
20992
20994
21009
21012
21014
21015
21036
21040
21053
21054
21078
21100
21107
21109
21111
21116
21130
21133
21136
21137
21142
21190
21194
21225
21229
21242
21266
21270
21289
21315
21339
21356
21380
21386
21409
21415
21422
21460
21464
21467
21474
21475
21511
21523
21526
21553
21565
21567
21580
21597
21599
21605
21616
21629
21644
21662
21665
21747
21749
21750
21787
21805
21814
21818
21824
21827
21830
21892
21899
21930
21992
22052
22058
22062
22096
22124
22136
22152
22251
22312
22329
22330
22335
22378
22472
22547
22580
22599
22768
22778
22836
22958
23117
23133
23484
23579
