1893
2164
3043
3229
3403
3605
3760
3870
4083
4495
4597
4769
4858
4923
5066
5236
5315
5383
5454
5542
5623
5693
5776
5911
5982
6055
6119
6186
6244
6280
6348
6429
6559
6593
6636
6676
6811
6855
6902
6949
6997
7068
7127
7156
7192
7309
7345
7384
7429
7481
7527
7564
7611
7652
7682
7713
7754
7799
7845
7876
7911
7956
7992
8037
8060
8094
8126
8163
8208
8233
8282
8327
8356
8388
8416
8439
8456
8482
8512
8540
8562
8591
8625
8647
8670
8686
8714
8740
8766
8785
8812
8832
8857
8878
8905
8972
8990
9016
9041
9060
9083
9112
9138
9155
9175
9193
9223
9243
9266
9293
9316
9339
9389
9423
9450
9478
9509
9521
9543
9559
9586
9617
9641
9655
9671
9694
9719
9731
9746
9775
9802
9820
9862
9889
9906
9929
9946
9971
9981
10004
10020
10036
10055
10070
10096
10111
10126
10142
10156
10184
10196
10204
10215
10233
10243
10258
10277
10293
10319
10350
10364
10382
10397
10411
10422
10437
10451
10468
10487
10505
10533
10543
10561
10576
10609
10624
10640
10649
10665
10697
10709
10721
10738
10755
10767
10782
10799
10815
10829
10847
10854
10870
10887
10898
10909
10926
10938
10952
10968
10985
10995
11009
11018
11030
11044
11059
11090
11105
11117
11136
11143
11157
11165
11188
11200
11215
11230
11240
11257
11276
11287
11304
11321
11332
11346
11359
11370
11388
11405
11422
11434
11444
11450
11465
11484
11492
11510
11525
11536
11549
11565
11578
11587
11615
11627
11636
11646
11659
11671
11681
11690
11708
11718
11733
11743
11749
11756
11781
11790
11801
11813
11817
11832
11846
11859
11873
11882
11897
11922
11940
11956
11968
11975
11981
11991
11999
12005
12013
12031
12039
12054
12065
12076
12086
12094
12107
12122
12133
12162
12172
12187
12194
12203
12219
12220
12239
12255
12271
12279
12286
12298
12308
12335
12355
12371
12378
12391
12415
12437
12445
12471
12476
12495
12508
12522
12543
12563
12570
12577
12583
12589
12604
12611
12616
12623
12632
12639
12653
12661
12672
12676
12684
12691
12701
12707
12717
12724
12736
12746
12753
12761
12768
12775
12783
12794
12803
12819
12831
12838
12847
12860
12868
12878
12889
12897
12906
12911
12924
12930
12943
12950
12977
12986
13001
13011
13027
13037
13040
13050
13054
13066
13073
13075
13082
13101
13117
13124
13131
13135
13145
13153
13162
13172
13176
13182
13191
13206
13214
13219
13235
13239
13245
13256
13262
13267
13286
13292
13301
13314
13337
13342
13349
13359
13368
13397
13402
13415
13424
13438
13446
13455
13465
13476
13480
13485
13511
13517
13529
13539
13545
13557
13562
13566
13575
13584
13591
13597
13604
13611
13621
13626
13636
13645
13672
13679
13690
13718
13725
13739
13745
13758
13782
13794
13797
13800
13807
13817
13837
13846
13856
13866
13872
13881
13893
13899
13909
13916
13921
13926
13932
13940
13946
13960
13966
13971
13981
13990
13993
14001
14005
14013
14027
14031
14035
14044
14046
14054
14068
14074
14083
14086
14100
14110
14112
14116
14122
14130
14134
14143
14154
14163
14168
14169
14173
14183
14191
14193
14210
14216
14222
14239
14243
14252
14263
14272
14281
14287
14293
14311
14326
14328
14333
14342
14356
14359
14364
14366
14370
14376
14379
14393
14400
14411
14420
14433
14437
14441
14447
14460
14465
14473
14501
14509
14516
14524
14532
14539
14545
14550
14553
14559
14568
14576
14585
14591
14600
14610
14615
14622
14627
14631
14650
14669
14676
14684
14689
14695
14704
14710
14719
14727
14732
14742
14750
14755
14760
14768
14773
14788
14799
14807
14811
14821
14826
14843
14848
14865
14880
14893
14895
14900
14909
14917
14921
14925
14933
14941
14944
14956
14959
14969
14979
14991
15002
15011
15016
15023
15024
15030
15035
15040
15051
15068
15085
15101
15118
15130
15135
15140
15143
15156
15161
15171
15195
15199
15207
15211
15227
15233
15239
15245
15251
15266
15283
15299
15306
15315
15323
15335
15345
15358
15360
15369
15374
15377
15380
15384
15390
15397
15403
15414
15420
15424
15435
15456
15460
15464
15469
15473
15477
15491
15496
15498
15502
15504
15514
15521
15529
15545
15554
15560
15578
15582
15622
15628
15644
15648
15652
15673
15676
15689
15698
15705
15725
15744
15754
15762
15766
15771
15777
15804
15819
15829
15833
15836
15841
15849
15876
15887
15891
15899
15900
15903
15907
15916
15918
15946
15953
15959
15979
16004
16010
16015
16035
16039
16051
16062
16068
16082
16086
16095
16102
16106
16116
16121
16125
16132
16140
16143
16146
16154
16159
16163
16168
16172
16182
16185
16187
16191
16193
16199
16224
16231
16237
16246
16250
16252
16258
16274
16277
16283
16309
16312
16315
16318
16319
16329
16333
16339
16353
16359
16362
16366
16369
16373
16379
16381
16385
16395
16397
16399
16408
16413
16421
16433
16434
16437
16453
16455
16457
16475
16483
16489
16492
16494
16498
16506
16507
16539
16547
16556
16566
16570
16577
16581
16583
16592
16595
16602
16605
16606
16612
16630
16632
16649
16659
16673
16677
16685
16689
16697
16699
16709
16719
16726
16729
16739
16741
16756
16760
16762
16764
16769
16774
16775
16783
16789
16793
16813
16817
16826
16831
16862
16876
16899
16901
16902
16916
16929
16934
16936
16940
16943
16962
16970
17016
17029
17032
17034
17041
17042
17043
17045
17048
17050
17059
17062
17078
17084
17087
17091
17098
17121
17128
17130
17133
17139
17175
17177
17187
17196
17197
17200
17204
17222
17240
17288
17298
17305
17309
17314
17318
17334
17364
17365
17386
17416
17427
17429
17433
17443
17462
17476
17505
17520
17530
17536
17537
17550
17551
17571
17591
17604
17610
17635
17642
17646
17664
17695
17733
17736
17747
17754
17776
17785
17805
17811
17826
17851
17871
17938
17947
17985
17994
18037
18041
18072
18098
18105
18120
18159
18161
18214
18256
18258
18296
18307
18310
18388
18398
18419
18433
18435
18445
18455
18493
18508
18573
18590
18609
18693
18768
18885
19050
19138
19140
19168
19198
19619
19689
19835
20624
20818
21289
21473
23678
23742
24737
25436
28955
29507
30180
