544
953
1285
1662
2383
2641
2879
3971
4206
4297
4408
4678
4976
5139
5852
6487
6752
7269
8934
9365
9839
10334
10589
10655
10681
11073
11129
11458
11606
11768
11908
12020
12141
12152
12230
12265
12324
12344
12406
12457
12487
12535
12552
12645
12809
12883
12960
12969
12994
13017
13047
13089
13199
13229
13278
13325
13332
13378
13389
13419
13473
13491
13497
13504
13652
13660
13665
13700
13709
13734
13751
13766
13772
13788
13826
13830
13928
13936
13956
13975
13998
14021
14062
14138
14145
14150
14200
14229
14259
14300
14320
14347
14386
14389
14406
14425
14483
14491
14542
14564
14635
14642
14663
14699
14736
14763
14780
14794
14802
14834
14854
14870
14875
14902
14949
14963
14976
14983
15007
15041
15046
15064
15075
15081
15096
15110
15123
15147
15153
15169
15180
15183
15186
15191
15192
15204
15216
15260
15270
15288
15291
15305
15312
15321
15328
15339
15341
15355
15364
15388
15429
15437
15443
15447
15451
15484
15510
15517
15532
15540
15551
15557
15566
15569
15574
15587
15595
15603
15612
15624
15634
15640
15656
15664
15666
15670
15677
15682
15687
15691
15702
15709
15712
15717
15719
15729
15733
15742
15757
15779
15785
15791
15796
15798
15802
15809
15820
15824
15853
15858
15860
15865
15870
15884
15897
15910
15921
15940
15956
15963
15968
15972
15982
15990
15995
16000
16019
16023
16029
16043
16048
16053
16058
16063
16072
16078
16088
16104
16112
16128
16135
16150
16155
16174
16189
16195
16204
16210
16213
16215
16226
16229
16234
16241
16248
16271
16281
16285
16287
16293
16298
16301
16306
16322
16331
16334
16347
16355
16357
16388
16393
16404
16405
16417
16425
16428
16440
16445
16449
16450
16463
16468
16479
16487
16504
16519
16522
16526
16529
16541
16551
16562
16564
16572
16573
16574
16585
16587
16599
16608
16615
16617
16623
16628
16638
16642
16650
16653
16658
16663
16666
16668
16674
16682
16683
16694
16704
16708
16714
16716
16721
16722
16732
16743
16750
16752
16754
16757
16780
16782
16790
16797
16799
16801
16809
16820
16824
16829
16830
16832
16835
16838
16841
16843
16847
16851
16854
16857
16861
16865
16872
16874
16881
16885
16888
16894
16896
16906
16908
16921
16923
16931
16944
16948
16950
16952
16955
16959
16963
16969
16973
16976
16980
16988
16996
16998
17002
17004
17005
17010
17014
17017
17021
17026
17027
17037
17055
17066
17068
17071
17073
17074
17080
17081
17088
17094
17103
17106
17107
17116
17117
17119
17124
17127
17136
17141
17142
17144
17146
17150
17153
17155
17159
17163
17166
17168
17169
17170
17171
17179
17180
17183
17184
17191
17198
17202
17212
17215
17223
17227
17230
17234
17236
17238
17244
17249
17252
17257
17262
17266
17269
17271
17274
17276
17280
17284
17287
17301
17311
17315
17319
17323
17326
17330
17335
17343
17345
17348
17352
17354
17356
17359
17362
17368
17370
17373
17382
17383
17389
17391
17392
17393
17396
17401
17402
17404
17407
17411
17415
17418
17420
17425
17435
17437
17439
17446
17449
17450
17452
17456
17461
17464
17479
17494
17497
17501
17507
17509
17512
17517
17521
17523
17525
17528
17538
17541
17544
17546
17553
17557
17558
17561
17564
17567
17573
17576
17577
17579
17582
17587
17589
17596
17598
17601
17607
17611
17616
17620
17623
17624
17626
17628
17631
17633
17636
17639
17644
17645
17647
17648
17650
17652
17654
17657
17659
17666
17667
17668
17673
17676
17680
17686
17691
17693
17697
17698
17701
17702
17704
17707
17709
17710
17714
17717
17719
17722
17724
17730
17737
17739
17741
17745
17749
17750
17751
17757
17760
17763
17765
17766
17768
17769
17770
17777
17778
17781
17783
17786
17793
17794
17795
17796
17798
17808
17813
17814
17816
17824
17827
17832
17835
17837
17840
17843
17845
17848
17850
17852
17855
17858
17863
17868
17875
17877
17879
17881
17897
17898
17900
17902
17903
17904
17906
17909
17910
17911
17914
17916
17917
17918
17920
17925
17926
17928
17943
17945
17954
17964
17974
17977
17980
17984
17987
17988
17998
18001
18007
18009
18010
18013
18018
18020
18022
18025
18027
18030
18031
18034
18038
18051
18053
18056
18059
18061
18071
18076
18085
18087
18093
18096
18100
18103
18106
18108
18109
18114
18117
18127
18130
18134
18136
18138
18139
18141
18143
18148
18155
18156
18158
18163
18167
18171
18174
18175
18180
18182
18189
18190
18193
18196
18198
18202
18205
18209
18216
18219
18224
18225
18227
18236
18239
18244
18245
18247
18249
18254
18257
18260
18264
18265
18268
18270
18273
18280
18283
18286
18291
18293
18303
18305
18315
18319
18320
18324
18327
18328
18330
18338
18339
18341
18345
18346
18349
18350
18362
18369
18372
18373
18376
18378
18381
18384
18385
18390
18392
18394
18397
18404
18406
18408
18411
18412
18415
18417
18418
18421
18422
18425
18430
18437
18439
18441
18443
18451
18461
18462
18469
18471
18473
18475
18476
18478
18479
18482
18483
18489
18490
18492
18494
18495
18497
18499
18501
18505
18509
18510
18519
18522
18524
18526
18528
18534
18537
18544
18547
18550
18551
18557
18559
18560
18563
18564
18567
18569
18572
18579
18581
18584
18586
18587
18591
18595
18596
18599
18602
18603
18605
18606
18608
18610
18611
18615
18617
18624
18628
18633
18634
18639
18643
18644
18649
18652
18653
18656
18657
18658
18662
18663
18671
18675
18677
18684
18686
18689
18692
18695
18698
18699
18700
18701
18705
18707
18708
18712
18717
18720
18721
18723
18728
18730
18732
18740
18743
18746
18748
18753
18758
18761
18766
18767
18769
18771
18773
18785
18787
18788
18791
18792
18795
18798
18799
18801
18803
18809
18811
18812
18820
18822
18827
18830
18833
18841
18842
18843
18846
18848
18849
18857
18861
18872
18875
18877
18878
18880
18887
18890
18891
18896
18897
18898
18899
18902
18903
18904
18907
18911
18917
18926
18928
18930
18931
18934
18936
18938
18940
18942
18944
18946
18948
18949
18951
18958
18959
18963
18967
18969
18970
18976
18984
18987
18988
18995
19001
19008
19009
19014
19023
19024
19026
19029
19036
19038
19041
19042
19051
19053
19056
19061
19067
19069
19074
19086
19089
19101
19109
19112
19119
19122
19126
19131
19134
19136
19139
19144
19150
19152
19153
19156
19164
19167
19169
19179
19180
19187
19189
19191
19193
19197
19203
19204
19208
19216
19219
19221
19222
19225
19228
19229
19239
19240
19242
19244
19245
19249
19250
19251
19256
19259
19262
19267
19269
19270
19273
19274
19275
19276
19278
19279
19282
19286
19292
19293
19295
19297
19299
19300
19303
19307
19308
19310
19318
19325
19330
19332
19334
19343
19346
19349
19357
19359
19369
19372
19373
19378
19384
19386
19388
19391
19392
19396
19399
19410
19411
19414
19428
19431
19433
19439
19441
19463
19464
19465
19470
19471
19473
19474
19475
19477
19485
19487
19490
19491
19493
19497
19502
19506
19507
19509
19511
19512
19516
19517
19518
19520
19521
19523
19527
19528
19529
19530
19535
19537
19542
19543
19545
19550
19553
19555
19559
19560
19569
19573
19575
19581
19582
19583
19587
19589
19593
19595
19597
19599
19600
19602
19620
19624
19625
19633
19638
19643
19648
19655
19665
19670
19675
19681
19682
19701
19702
19703
19706
19708
19711
19714
19715
19721
19733
19740
19747
19757
19759
19765
19767
19772
19775
19776
19778
19779
19781
19783
19787
19788
19789
19804
19808
19810
19811
19814
19819
19832
19834
19836
19837
19840
19841
19850
19852
19857
19858
19859
19861
19865
19866
19867
19874
19878
19879
19880
19882
19885
19892
19898
19902
19908
19918
19919
19929
19936
19938
19941
19944
19946
19951
19952
19957
19959
19960
19966
19967
19974
19976
19979
19981
19982
19983
19992
19994
19996
19999
20001
20007
20009
20019
20021
20031
20049
20058
20060
20061
20079
20084
20100
20101
20112
20121
20125
20126
20129
20137
20141
20143
20144
20145
20151
20154
20163
20165
20171
20185
20188
20189
20192
20213
20219
20226
20228
20238
20242
20245
20253
20261
20263
20268
20270
20275
20276
20281
20284
20286
20287
20292
20304
20315
20316
20318
20319
20322
20323
20324
20325
20331
20333
20334
20340
20346
20347
20351
20356
20368
20371
20376
20377
20379
20381
20387
20388
20412
20426
20428
20439
20449
20463
20473
20475
20482
20483
20485
20490
20494
20496
20505
20513
20514
20520
20521
20524
20525
20546
20563
20578
20584
20595
20601
20620
20621
20628
20633
20639
20642
20646
20662
20668
20678
20696
20698
20702
20710
20716
20721
20729
20750
20760
20764
20778
20779
20780
20783
20797
20798
20841
20854
20883
20884
20888
20916
20936
20938
20954
20961
20979
20988
20992
20994
21009
21012
21014
21015
21036
21040
21053
21054
21078
21100
21107
21109
21111
21116
21130
21133
21136
21137
21142
21190
21194
21225
21229
21242
21266
21270
21315
21339
21356
21380
21386
21409
21415
21422
21460
21464
21467
21474
21475
21511
21523
21526
21553
21565
21567
21580
21597
21599
21605
21616
21629
21644
21662
21665
21747
21749
21750
21787
21805
21814
21818
21824
21827
21830
21892
21899
21930
21992
22052
22058
22062
22096
22124
22136
22152
22251
22312
22329
22330
22335
22378
22472
22547
22580
22599
22768
22778
22836
22958
23117
23133
23484
23579
24767
24790
25559
28562
